100 3960 25
9 56 4
31 32 25
4 68 20
11 12 21
45 82 24
52 89 22
26 96 21
42 45 3
21 41 16
36 83 7
52 93 14
12 47 24
55 58 24
12 76 3
56 62 17
5 9 16
7 8 14
16 67 10
15 54 12
14 93 18
82 98 11
59 73 2
57 68 19
69 83 17
17 40 19
13 65 14
42 67 2
53 73 17
59 94 7
1 44 4
12 22 6
56 66 7
47 52 8
17 97 23
8 65 12
12 30 1
41 94 15
78 88 4
37 97 10
38 96 1
45 53 17
27 92 19
1 60 23
23 67 7
31 98 20
22 76 21
16 84 6
8 16 24
31 95 1
16 54 15
13 19 17
33 48 6
2 44 22
35 36 18
60 65 24
19 60 18
90 96 22
2 34 8
6 53 2
31 89 7
19 92 10
31 35 5
11 68 19
40 41 11
17 64 6
30 56 23
63 94 2
50 51 3
26 53 14
28 35 18
34 65 16
5 35 3
22 51 6
1 19 5
13 21 14
16 45 2
38 57 11
65 71 12
13 58 20
28 93 6
4 79 6
46 72 23
40 71 16
51 71 13
7 30 1
26 34 8
17 37 23
79 90 16
11 83 14
17 54 14
20 46 25
50 62 19
83 96 24
4 95 17
40 90 24
5 75 16
69 73 25
45 52 12
60 63 12
43 89 1
35 65 6
27 31 21
50 53 15
48 74 16
20 95 15
83 84 8
1 48 18
6 48 9
58 82 1
52 68 22
70 93 7
6 34 1
65 93 13
80 86 4
43 62 23
19 89 10
11 88 16
24 70 8
71 98 15
96 98 23
8 61 24
26 43 14
24 28 18
54 96 14
8 9 24
46 62 6
53 70 3
4 82 6
2 21 20
68 89 2
41 97 5
20 21 18
79 84 12
28 42 13
41 73 15
51 60 11
17 35 25
10 66 6
13 38 14
3 26 14
63 88 19
85 98 4
8 96 2
15 99 19
3 79 8
61 95 16
6 78 5
42 60 14
29 78 18
38 62 14
65 67 20
11 36 6
6 71 3
45 100 6
41 79 20
18 74 2
25 38 10
80 96 22
19 81 20
23 68 1
49 74 20
62 64 12
42 85 17
3 36 14
44 54 10
28 45 6
60 69 12
11 44 15
41 55 6
24 52 16
55 73 15
36 46 25
81 96 4
11 90 3
77 96 19
1 54 24
30 62 16
45 75 1
24 75 20
36 78 19
31 90 21
2 50 9
17 94 22
32 46 2
20 64 5
59 92 21
31 96 25
76 95 7
21 89 13
37 96 3
11 42 23
28 51 1
9 59 21
6 13 2
12 50 1
26 75 13
30 73 7
27 80 19
16 74 22
3 89 16
77 91 9
1 16 19
43 60 5
75 77 19
8 52 6
48 72 22
53 72 13
6 15 12
82 95 19
44 86 6
81 82 2
42 91 25
88 91 4
62 91 7
40 87 20
26 41 17
45 61 11
27 74 6
52 100 25
61 91 16
6 9 13
50 68 14
51 65 1
3 95 22
4 46 25
4 6 11
46 48 9
2 13 24
50 100 1
58 74 14
4 53 3
33 47 17
10 27 7
5 13 23
44 99 18
26 97 23
2 82 20
1 39 6
9 100 4
3 20 2
68 72 8
39 96 25
12 80 3
79 87 11
65 85 9
7 82 13
11 84 10
34 82 3
36 81 3
26 72 9
44 80 9
2 33 11
20 68 2
70 87 4
26 86 22
7 68 16
89 96 18
53 86 1
21 48 3
23 42 24
34 64 9
8 20 1
42 46 15
18 76 15
17 41 2
77 100 14
91 96 9
11 92 3
42 48 13
10 32 9
71 94 15
36 59 1
74 97 24
81 88 1
22 52 21
50 87 10
25 79 11
9 75 24
12 87 3
50 84 4
12 63 19
29 47 5
3 58 17
10 11 8
46 51 2
8 30 3
28 32 11
49 64 13
31 81 9
69 98 3
26 83 10
14 64 20
23 54 21
35 95 7
26 27 10
48 61 14
2 4 16
1 4 4
86 87 18
34 93 11
13 91 13
5 100 25
92 100 17
18 24 18
22 68 21
59 72 24
49 63 10
2 17 5
54 97 4
69 70 17
7 52 4
27 66 16
44 49 2
28 87 19
27 76 7
54 62 21
14 96 9
32 47 20
55 91 12
12 21 11
30 92 25
10 42 7
17 23 3
43 98 25
86 90 19
4 52 10
79 99 12
10 100 23
46 93 11
25 64 3
43 48 22
5 86 4
58 71 1
66 96 4
39 55 20
30 99 11
8 74 4
47 72 24
12 57 4
22 35 10
30 59 9
30 88 21
31 100 3
49 68 18
38 99 1
25 47 16
46 82 4
59 65 22
29 89 7
28 76 5
4 99 14
7 65 22
24 41 22
18 34 2
17 47 19
49 73 15
48 95 6
27 70 4
52 73 22
4 33 19
28 61 20
5 76 14
92 93 18
18 86 25
14 50 2
19 61 18
10 79 23
42 75 18
41 64 13
9 62 16
20 32 7
1 93 14
23 70 21
47 74 19
11 85 12
51 95 16
20 88 24
44 45 25
80 87 19
55 99 9
14 95 9
57 88 18
56 63 1
51 91 22
54 95 15
15 46 1
59 71 19
25 73 15
13 36 1
15 36 25
13 40 5
62 100 19
24 84 20
13 73 18
18 62 22
60 75 3
88 92 1
49 70 24
50 96 14
49 59 24
51 61 24
2 99 8
12 93 16
21 33 18
11 34 3
66 68 16
16 99 20
84 100 16
82 97 4
19 23 7
40 53 18
23 69 10
22 93 9
16 29 4
33 57 23
19 38 13
67 81 18
47 63 2
1 47 7
20 90 17
60 92 17
73 81 6
41 48 1
21 75 22
8 13 19
16 35 9
4 14 23
54 60 5
11 53 4
26 71 7
25 67 16
7 72 20
4 17 11
31 59 9
25 50 5
43 99 15
30 69 15
62 90 20
45 90 7
7 69 4
36 82 6
67 86 11
23 99 9
64 86 19
58 91 21
43 61 6
1 96 6
65 66 7
46 74 8
27 61 15
55 79 7
19 25 3
35 63 25
78 82 8
61 100 2
78 100 10
18 33 5
11 30 2
73 79 18
35 68 11
52 80 8
14 46 11
74 76 9
63 97 14
1 33 1
1 57 10
9 89 24
18 38 19
80 92 6
15 24 18
25 92 7
52 66 9
42 78 3
47 98 23
57 86 13
9 96 24
3 33 11
43 65 13
66 84 9
33 92 3
34 53 2
34 58 1
74 79 4
23 40 19
34 47 5
53 80 11
4 81 11
13 27 14
15 94 14
41 43 16
4 22 6
10 80 7
3 71 23
30 90 18
60 97 15
15 19 6
10 64 12
1 27 24
48 67 3
37 72 22
51 66 21
39 54 18
72 98 22
51 100 4
76 99 20
36 63 5
11 82 16
12 73 18
48 82 16
27 55 20
32 69 6
81 99 17
30 71 14
8 94 22
2 5 4
22 69 19
10 21 8
16 25 22
25 70 22
13 97 24
38 71 9
5 89 8
53 96 15
29 52 25
17 66 24
74 80 25
25 49 1
2 89 15
6 45 13
66 81 10
10 77 14
15 75 24
26 66 22
72 94 16
18 19 5
9 76 6
1 3 3
34 51 10
51 58 15
37 71 7
19 33 7
11 62 22
62 87 8
47 86 17
3 31 6
44 61 1
23 35 24
48 98 23
86 89 18
71 72 10
46 67 14
7 13 20
53 94 16
87 89 12
48 81 22
9 42 22
4 97 4
18 28 25
5 44 18
5 45 7
6 75 5
8 36 8
80 93 6
6 38 20
25 58 23
5 15 23
85 99 9
64 78 21
58 70 2
72 89 18
80 89 21
48 89 7
36 85 20
2 57 23
45 68 21
18 87 5
14 78 10
29 40 14
40 97 5
19 31 5
83 91 22
14 30 7
11 79 7
9 28 20
16 88 19
10 63 7
37 87 20
20 36 23
42 98 7
37 69 4
17 70 1
49 77 23
15 37 12
42 49 11
77 81 11
45 64 10
8 57 25
96 100 20
43 45 24
71 87 19
44 90 25
8 67 18
15 70 22
25 72 3
46 89 17
6 68 1
67 99 20
22 48 21
19 64 14
24 38 11
14 51 20
21 71 7
11 91 2
20 94 13
57 82 4
51 90 17
18 61 7
43 68 17
57 62 12
7 98 1
12 94 7
43 90 21
49 54 21
19 41 3
88 96 7
40 78 16
17 45 22
71 76 15
53 81 19
53 83 6
9 49 7
18 44 9
27 77 13
15 48 12
27 75 23
3 44 7
71 78 13
54 84 23
10 47 16
34 84 21
13 16 11
15 95 24
24 47 20
33 49 20
3 37 23
86 98 25
25 59 23
54 64 2
60 94 15
38 70 19
60 95 24
25 68 13
70 76 25
21 23 17
71 99 6
85 93 20
63 82 1
64 77 16
4 23 9
36 84 2
28 52 1
12 58 7
44 62 22
78 92 1
39 90 17
50 78 12
64 71 17
50 76 1
78 83 19
64 90 17
3 84 7
13 67 12
75 78 10
17 27 21
10 84 19
2 49 20
12 65 19
75 95 21
26 40 13
34 79 10
87 97 15
47 79 18
65 79 4
37 88 12
27 96 12
35 79 2
21 37 22
67 71 2
96 97 23
64 76 7
9 30 8
58 93 4
19 79 14
35 84 17
15 47 7
12 48 17
1 88 2
35 86 12
26 30 9
71 90 5
12 46 9
30 54 17
13 98 11
72 84 14
29 61 17
1 74 17
16 49 3
9 95 22
28 99 22
27 33 8
34 49 12
39 81 18
57 72 6
54 76 4
37 49 23
8 41 24
17 33 8
72 74 18
26 37 23
48 90 18
42 73 17
35 46 12
8 93 20
58 63 1
6 88 6
83 95 13
57 85 13
15 35 12
27 63 5
21 99 24
70 89 6
24 39 22
30 35 19
7 71 19
19 69 10
61 97 22
11 74 18
65 69 12
20 85 5
28 78 4
57 93 21
52 57 2
67 98 4
7 58 1
44 85 25
8 92 15
1 37 18
44 47 18
56 96 20
14 38 23
22 72 23
59 62 22
37 91 24
22 81 4
8 71 5
56 80 16
6 94 2
26 59 17
18 54 14
23 41 13
30 86 5
76 97 16
70 71 1
58 79 23
11 77 24
6 89 5
62 72 15
42 50 7
60 80 22
39 64 22
18 94 20
93 94 12
12 40 1
13 32 2
6 82 21
33 83 13
19 36 24
17 63 24
44 94 18
78 93 6
37 66 11
67 82 10
24 74 14
4 37 1
80 98 19
17 19 1
26 70 21
28 38 3
72 85 25
54 94 22
52 90 9
84 90 9
39 65 13
14 43 1
42 77 21
54 79 7
35 70 12
33 84 5
15 50 5
3 57 25
26 56 11
27 79 12
40 99 9
41 53 1
2 61 19
68 93 21
10 39 5
34 91 20
90 100 4
44 65 12
20 99 18
21 56 21
42 56 6
72 100 19
44 83 15
94 97 20
44 68 2
33 74 20
5 10 8
24 85 8
25 81 1
54 72 7
70 94 14
7 59 12
66 73 3
74 100 16
33 59 24
57 79 14
2 40 12
7 79 13
64 67 9
73 78 22
8 24 2
7 21 12
57 94 8
9 70 2
7 10 1
11 19 3
23 29 18
72 75 2
15 69 4
23 44 3
60 99 6
1 51 2
43 64 25
20 27 7
6 47 20
12 15 4
29 48 14
12 55 5
25 75 20
20 26 13
37 70 24
14 62 5
27 35 23
7 75 21
21 30 15
46 99 15
32 99 3
1 89 6
45 56 12
21 87 10
48 77 2
33 70 21
8 12 15
37 86 14
74 90 12
9 69 23
1 11 16
84 98 21
25 54 2
82 90 16
40 83 10
16 43 5
27 73 4
29 50 22
5 34 12
27 37 5
20 55 12
20 100 12
13 50 15
56 57 10
7 70 4
29 44 10
9 50 10
35 56 25
5 31 24
37 75 21
37 65 14
2 58 17
32 52 24
39 59 7
47 71 23
47 88 6
12 25 22
33 41 18
12 82 3
32 59 9
22 29 25
26 77 20
1 5 25
20 96 13
49 62 17
28 100 21
37 93 11
34 70 7
21 92 13
42 92 10
48 54 12
69 79 18
24 66 14
10 19 13
79 80 8
12 44 21
21 80 15
19 57 23
41 66 16
52 74 5
22 55 9
30 76 15
15 92 5
27 50 9
2 77 18
34 41 16
32 97 23
18 29 19
50 57 21
2 68 25
21 55 2
3 56 24
28 36 15
24 88 3
15 73 6
69 100 15
7 33 12
17 72 7
4 76 1
28 53 4
13 31 23
49 72 1
40 79 23
70 75 6
63 95 19
44 63 22
15 39 10
30 33 1
43 54 7
10 44 24
50 60 1
48 57 16
8 77 9
87 93 5
13 83 11
69 71 8
11 46 9
64 83 11
83 99 11
16 51 17
32 53 6
37 90 3
41 42 23
73 99 21
55 88 8
19 46 24
2 97 5
71 89 18
46 84 18
19 55 21
16 47 19
58 76 19
33 86 23
30 85 21
34 85 2
4 74 4
1 49 13
59 100 17
34 69 23
5 77 4
37 82 2
70 100 21
24 86 8
41 44 2
81 95 23
2 30 19
74 82 18
61 69 6
45 74 3
58 62 6
11 49 13
57 63 17
63 80 23
24 73 4
57 77 25
29 76 23
55 64 3
7 84 24
13 94 7
39 86 12
76 94 20
16 58 20
29 97 7
49 60 3
45 65 15
65 87 20
57 58 4
76 96 22
23 91 1
43 51 20
13 20 10
35 44 14
59 79 25
78 91 17
35 51 23
35 48 14
16 53 20
55 66 21
12 77 21
16 98 18
46 86 7
25 83 11
23 62 20
47 69 14
29 63 15
22 70 6
1 86 6
73 93 14
1 78 4
10 60 8
6 100 2
27 91 5
42 61 1
42 72 2
7 50 17
19 95 4
26 49 22
17 62 21
25 31 19
51 84 22
39 49 12
69 94 5
8 32 23
36 80 7
23 95 4
29 74 1
5 19 23
35 54 12
59 83 14
10 20 11
1 68 22
16 37 15
40 81 22
65 100 20
11 96 11
48 62 17
4 19 23
49 99 13
15 84 22
6 16 22
5 57 9
55 86 2
18 81 19
57 97 13
47 58 12
45 57 16
62 86 17
33 90 8
16 76 1
2 14 3
1 55 21
32 73 15
2 66 12
56 97 20
17 26 13
11 29 20
64 79 15
9 37 22
73 95 19
11 47 15
88 100 18
5 51 21
86 88 23
23 75 9
24 54 6
18 88 20
55 82 8
46 97 6
31 58 15
40 48 10
37 39 12
22 86 11
2 12 13
1 10 15
32 61 18
71 95 19
4 24 24
23 38 7
58 86 11
20 34 1
18 22 20
58 77 5
17 31 9
39 43 16
4 59 9
15 28 4
14 27 18
43 44 6
39 98 14
35 40 4
34 36 12
3 19 14
9 61 3
91 97 2
20 73 8
29 96 17
30 44 19
27 32 13
14 94 1
6 63 23
3 70 3
53 58 20
7 87 19
15 17 4
64 85 22
61 94 20
32 76 15
25 100 17
79 97 16
32 85 13
14 49 9
3 59 1
28 39 9
68 88 10
24 65 20
3 29 21
46 73 13
25 80 15
19 91 17
21 43 13
63 69 1
8 88 8
12 98 7
28 70 10
3 77 6
52 94 5
9 91 5
48 99 16
41 59 1
32 80 9
7 16 8
4 28 17
69 92 20
8 70 11
63 70 4
37 58 4
22 31 4
43 76 8
36 44 16
1 21 13
73 74 23
17 78 17
39 94 17
15 83 23
8 50 11
43 71 21
37 85 9
53 59 20
13 60 22
34 45 14
11 60 9
65 99 8
30 96 10
5 67 21
12 19 10
10 13 7
68 84 15
32 98 10
15 98 21
44 78 13
15 82 13
21 81 6
15 33 5
34 97 16
87 88 18
69 88 1
18 32 22
25 82 8
1 18 11
92 94 11
4 10 24
33 67 9
62 78 2
42 80 20
6 42 13
41 47 16
12 68 3
17 84 20
10 85 10
44 89 18
14 37 23
60 74 23
6 72 24
31 75 17
72 78 11
5 53 14
46 56 1
19 75 22
50 94 8
38 48 5
82 88 13
10 36 10
93 100 3
9 53 22
26 46 11
7 35 23
16 50 16
25 90 1
34 94 23
9 67 5
15 22 20
26 73 19
14 32 11
51 92 7
50 82 4
34 71 7
62 80 16
2 85 20
82 87 12
26 65 13
32 64 10
44 76 16
29 67 11
57 81 11
47 60 11
10 40 17
40 80 5
12 13 25
54 63 11
77 79 12
39 44 20
7 23 3
68 74 8
79 92 13
11 61 15
35 97 8
11 21 25
57 92 16
43 77 9
19 80 17
60 77 8
73 90 5
30 84 5
56 76 12
7 39 19
32 94 11
1 53 19
85 86 21
33 45 15
45 87 3
24 57 7
93 96 12
32 88 6
20 60 19
63 92 16
43 84 3
40 91 22
12 66 25
22 87 17
14 68 19
6 35 7
63 68 2
20 79 11
19 51 10
51 69 20
66 95 19
16 26 4
19 72 16
73 86 13
73 97 1
20 97 21
19 28 16
51 88 11
15 57 11
42 71 25
67 73 2
90 92 10
1 9 19
8 42 16
43 95 15
5 18 25
63 73 19
83 92 4
12 24 2
20 30 21
66 70 7
3 48 20
34 57 9
23 28 3
20 51 2
6 22 8
16 82 2
69 77 19
44 93 10
2 74 11
45 46 23
30 72 17
7 42 24
65 88 14
10 45 21
6 76 16
5 14 22
52 98 21
44 77 12
40 75 16
1 91 16
94 98 13
17 69 8
61 90 18
63 99 25
51 89 15
31 74 22
19 26 20
48 66 24
65 73 3
23 24 17
22 97 9
50 67 14
15 79 12
39 87 7
55 59 18
30 36 14
55 89 7
18 77 15
20 49 11
37 76 20
7 46 8
4 35 12
10 24 4
23 72 8
75 92 1
80 82 8
42 47 21
9 52 18
41 70 21
10 73 11
85 88 8
26 91 12
53 92 22
39 80 6
8 100 12
61 85 17
38 92 11
6 28 8
59 88 19
47 92 8
4 64 20
29 81 11
67 72 14
40 47 10
76 83 23
61 89 6
59 82 13
92 98 14
21 70 14
25 88 13
45 73 15
65 74 12
14 89 4
37 44 9
10 38 15
21 83 14
51 86 24
30 77 2
2 78 25
25 51 15
24 61 15
21 90 11
9 64 1
28 29 18
29 53 23
27 85 13
10 67 21
44 95 10
31 99 21
8 35 2
15 58 9
21 66 20
78 87 25
27 78 6
58 60 13
29 70 24
72 87 15
55 74 16
33 78 5
1 100 20
29 72 7
64 81 25
87 98 6
2 27 17
18 52 10
36 52 16
5 70 19
63 86 16
22 25 6
63 77 2
12 83 1
44 74 17
88 99 24
48 79 9
30 43 22
28 56 8
91 93 10
41 100 18
53 100 10
38 79 19
22 34 14
61 67 7
24 55 6
44 59 5
38 76 16
1 58 5
52 78 15
49 85 17
16 30 20
25 48 1
63 91 22
92 96 3
23 53 13
67 75 13
59 97 17
51 55 18
86 92 25
21 44 2
13 39 13
55 56 16
74 95 6
82 96 15
78 90 5
16 24 16
40 95 8
14 90 24
77 80 12
42 97 9
1 20 5
8 26 1
5 12 17
68 78 3
11 70 15
31 83 21
26 31 6
2 48 12
14 18 2
53 75 10
35 47 24
63 89 4
43 49 24
35 93 7
16 94 9
44 96 4
14 74 17
16 93 4
76 90 13
28 50 17
81 86 9
33 96 1
13 25 25
4 87 13
44 57 3
43 83 17
77 89 8
52 64 9
28 31 21
50 73 18
42 63 15
9 41 3
15 63 2
1 83 12
23 58 7
5 61 17
3 8 17
2 75 20
62 95 5
43 100 4
6 25 17
32 86 8
18 23 24
81 91 11
14 76 11
4 51 7
10 89 19
35 43 2
84 88 22
29 99 11
37 50 17
64 88 19
7 26 24
17 18 15
14 23 7
60 62 7
5 11 14
19 43 15
20 50 14
20 43 8
1 24 12
17 71 20
41 74 10
39 93 11
33 68 3
17 77 23
6 7 9
20 92 22
20 42 2
20 33 19
33 88 17
12 61 8
80 88 2
67 69 2
5 38 10
62 85 2
86 95 23
21 74 7
56 87 3
55 100 21
49 67 7
29 57 17
22 82 22
47 64 25
26 39 18
17 61 9
12 16 25
26 80 14
10 55 15
3 10 11
8 76 4
50 77 11
14 98 20
75 85 7
39 72 18
47 87 17
7 29 17
12 42 13
58 90 12
2 88 11
7 53 5
34 38 25
14 17 20
15 59 1
36 40 6
47 93 16
17 32 23
16 80 18
9 99 19
71 84 9
52 87 15
48 51 17
95 98 18
71 92 22
27 69 3
16 21 18
30 82 24
59 84 22
28 30 8
25 89 7
38 77 7
79 86 7
11 66 15
61 92 23
12 62 11
27 47 14
73 89 17
89 90 19
15 45 23
8 62 10
3 39 23
61 63 1
6 62 23
24 37 10
9 93 14
34 89 1
34 86 23
44 52 6
27 49 25
39 78 14
52 59 19
60 82 5
11 80 13
39 79 15
25 96 2
56 86 18
32 49 12
18 89 25
29 79 9
15 89 19
49 91 7
69 97 12
40 44 1
55 90 25
34 60 7
40 52 10
35 85 17
31 55 4
32 51 17
16 28 13
52 72 8
33 60 24
28 89 7
48 100 16
65 84 12
14 28 6
68 96 13
13 47 12
92 99 23
9 54 14
53 67 20
56 75 7
27 36 20
32 71 13
4 70 2
28 92 4
13 17 24
93 95 7
20 48 1
79 93 13
42 58 12
88 93 23
17 76 19
8 99 22
25 41 2
10 34 5
7 34 12
6 97 12
26 38 19
19 37 18
36 79 1
62 82 11
19 73 4
12 88 8
56 90 23
29 31 19
9 46 11
7 12 19
37 59 20
8 58 7
46 95 19
45 72 13
21 40 11
43 63 9
16 17 17
26 52 6
4 32 1
65 91 16
33 65 14
9 98 15
32 63 15
45 55 8
5 62 22
22 83 20
71 74 8
65 72 6
12 67 18
62 69 3
28 66 12
21 64 22
28 41 16
90 91 18
20 58 10
9 47 5
15 23 20
54 93 3
6 57 22
57 69 24
7 67 24
20 80 14
55 69 23
30 31 9
79 83 9
41 92 5
61 78 17
16 40 24
36 87 2
51 99 3
30 39 25
7 74 25
37 98 20
98 100 24
54 55 23
9 32 18
26 82 16
10 62 11
61 72 8
25 28 10
42 93 7
13 81 3
77 82 19
29 88 10
6 26 20
9 66 5
4 77 23
60 96 10
27 53 23
86 91 11
14 77 9
28 60 3
10 15 2
42 43 15
84 87 25
25 87 15
23 33 8
18 91 2
49 82 25
12 91 18
26 36 21
35 98 6
22 66 9
45 70 15
45 99 8
72 90 15
77 97 10
17 82 3
49 78 20
16 89 20
71 100 11
1 67 24
4 21 19
13 63 10
33 37 16
75 94 12
39 66 24
42 66 18
2 41 20
20 23 22
11 55 2
13 33 18
10 14 25
25 45 7
31 84 7
15 66 17
90 93 1
2 87 17
53 56 12
14 36 8
44 66 18
11 99 4
42 89 11
5 41 10
41 81 1
14 45 2
11 50 6
55 78 10
8 95 18
6 95 2
23 59 9
14 58 10
12 23 17
52 96 8
5 83 17
45 81 6
59 95 14
41 71 20
19 66 7
10 78 20
29 100 19
20 69 20
94 96 25
83 93 2
54 67 5
56 83 8
59 90 18
23 51 16
17 22 19
8 78 16
34 68 1
56 58 8
46 52 21
47 56 20
18 20 9
22 98 8
8 18 20
56 81 10
23 55 21
68 82 12
17 46 22
1 8 20
37 81 9
36 42 15
9 12 9
81 90 5
48 73 21
12 69 12
20 75 9
54 89 16
7 36 16
67 93 20
57 91 5
65 70 9
95 99 18
6 21 10
2 35 12
51 57 11
14 81 12
35 55 21
55 95 6
9 79 20
14 63 18
71 79 17
58 81 4
62 83 23
1 50 10
72 97 17
8 63 18
7 18 3
34 81 23
19 59 13
29 36 11
7 20 21
56 68 3
91 99 19
43 91 17
64 74 8
66 99 12
2 9 2
13 53 21
55 81 21
8 68 7
4 56 23
70 91 7
91 98 21
4 13 10
41 98 21
42 52 11
22 47 20
49 76 24
54 82 6
61 66 16
66 75 1
36 99 20
2 25 20
30 40 16
50 58 17
20 54 17
56 71 13
37 99 14
2 96 8
53 97 18
34 88 25
62 76 11
4 58 15
44 79 25
23 32 25
33 63 3
38 64 24
57 74 20
16 95 17
10 87 1
30 37 17
47 84 5
22 37 1
12 54 4
74 86 10
40 98 19
22 79 12
25 95 3
52 54 2
44 53 24
11 94 15
40 43 25
5 49 2
4 55 11
60 87 19
33 62 2
42 96 8
20 52 24
23 60 4
54 81 1
10 98 10
1 28 8
24 29 17
73 88 20
19 97 3
25 37 3
14 97 16
45 94 13
1 22 10
46 49 18
10 97 12
21 25 25
69 86 25
66 88 3
26 95 13
32 34 10
11 48 3
36 67 17
43 69 23
23 79 4
2 73 1
20 44 13
94 99 18
32 75 1
41 82 10
9 18 15
35 74 11
5 8 7
6 30 22
52 60 20
18 97 16
18 49 14
6 50 21
31 85 23
56 74 21
25 42 11
77 87 4
33 71 22
72 83 11
5 82 4
62 75 9
93 98 10
32 93 6
52 91 19
40 55 4
83 87 4
32 83 17
11 37 7
13 78 8
13 55 17
20 63 23
6 41 10
31 34 13
38 90 1
5 32 24
52 61 11
87 94 7
49 90 13
31 60 22
7 49 13
33 89 6
54 83 12
38 98 16
43 57 7
20 78 17
27 46 10
41 77 5
75 97 18
23 36 24
55 61 13
46 64 12
29 64 2
70 98 18
40 74 16
74 87 18
76 81 12
41 96 25
18 51 7
6 93 19
35 87 22
3 53 15
54 91 18
10 53 18
14 88 16
11 75 23
8 14 25
35 71 21
54 56 7
82 89 9
48 70 5
99 100 18
20 38 11
73 77 7
2 45 25
18 50 21
37 54 10
19 48 11
13 77 21
32 50 3
26 76 24
7 48 20
18 68 2
27 100 16
21 47 4
17 28 10
10 86 4
24 92 22
12 84 21
39 47 7
10 83 20
67 74 4
9 43 6
36 62 5
5 42 12
34 95 12
48 87 11
32 56 20
1 26 20
78 84 11
42 84 19
8 49 16
16 97 13
39 82 12
66 78 17
2 62 6
13 41 22
42 59 8
14 87 14
34 100 21
3 34 2
13 52 25
51 59 17
40 84 10
53 71 25
36 89 21
62 97 18
40 68 9
57 95 20
54 74 14
8 98 3
36 58 1
24 87 15
32 57 21
63 65 15
28 64 25
60 68 17
49 98 20
5 46 4
46 81 8
36 90 17
24 64 18
37 53 16
13 42 16
2 52 25
58 69 14
42 94 13
69 91 11
49 61 9
31 50 9
16 38 11
16 71 16
27 95 9
13 62 16
27 28 2
35 62 22
44 87 2
18 21 11
5 98 3
59 98 20
46 85 20
46 90 9
30 41 13
7 77 9
53 55 17
20 41 19
65 95 9
11 65 5
48 59 18
45 71 9
10 51 22
17 44 20
37 89 14
6 61 14
12 41 7
38 60 15
11 39 14
72 80 10
16 18 22
1 71 19
69 76 15
46 54 12
70 80 17
26 89 10
55 80 20
61 79 6
27 56 17
44 81 21
62 63 18
12 51 15
33 56 19
47 95 21
40 62 3
3 41 18
2 46 12
32 92 8
55 98 23
48 69 5
90 95 25
6 81 17
24 100 8
48 80 15
11 78 21
32 87 1
27 42 18
59 63 20
54 99 24
26 99 13
55 76 1
24 45 19
20 67 5
67 87 17
75 87 25
6 52 16
36 95 22
31 43 15
5 33 19
77 93 21
17 75 17
40 67 13
34 72 15
12 79 16
55 70 15
24 42 20
22 75 2
53 93 2
32 96 12
16 91 5
38 73 7
40 96 21
56 77 14
10 58 5
43 53 19
6 23 15
14 84 23
58 68 7
23 87 6
1 84 17
28 74 13
59 85 20
16 44 6
42 44 18
21 94 2
36 97 4
39 73 7
15 88 24
16 52 6
41 84 22
47 61 21
56 73 6
82 85 19
9 36 19
34 77 1
59 75 11
71 77 3
47 57 22
61 84 17
63 74 2
29 98 8
57 60 6
26 50 8
24 49 16
57 73 9
59 81 3
5 26 4
31 91 8
7 14 7
24 40 12
15 78 10
54 66 22
79 81 17
68 77 11
30 83 15
61 80 21
50 93 13
31 78 2
26 58 16
29 51 16
64 92 11
31 87 17
6 27 14
28 79 8
59 80 10
2 65 15
42 86 17
4 48 11
22 74 11
11 38 5
50 88 5
21 98 21
32 79 23
54 70 10
16 68 15
41 58 6
74 81 16
48 56 11
52 71 14
12 29 24
12 59 1
61 64 12
40 86 16
37 60 20
36 38 16
15 38 14
76 80 25
18 42 5
16 55 10
79 100 13
14 65 8
3 52 14
44 58 18
13 85 18
2 32 3
37 94 17
16 86 7
68 85 3
50 65 13
73 94 1
58 59 3
42 54 21
36 54 5
5 60 1
11 41 1
22 94 17
51 78 4
40 56 12
41 99 12
23 30 11
28 63 2
57 66 25
12 20 14
18 90 19
1 94 3
38 53 15
26 48 2
24 71 12
48 92 23
70 90 25
18 98 2
47 97 21
76 86 19
25 43 21
35 88 9
22 71 6
71 97 5
35 77 2
6 44 9
57 76 16
59 69 7
6 46 18
16 90 19
44 50 21
58 75 8
52 79 6
26 54 22
27 58 4
23 61 17
80 97 7
49 52 3
29 93 4
37 52 7
72 95 22
3 87 19
12 70 21
9 55 1
13 54 16
6 74 25
33 80 24
5 64 2
23 34 12
46 66 24
61 87 6
28 91 14
21 45 15
63 72 23
21 42 1
22 64 17
28 71 13
29 42 24
20 45 19
60 83 18
50 98 24
59 60 8
51 83 12
39 67 11
16 23 7
29 87 7
13 57 2
30 89 21
60 73 9
22 73 9
4 15 10
8 54 18
30 45 9
10 99 9
77 94 17
20 39 3
39 83 11
52 97 17
4 50 8
83 90 3
48 65 9
2 98 21
9 10 5
8 97 17
67 97 17
9 27 3
48 58 17
13 79 16
21 91 21
52 55 5
38 93 4
2 18 4
1 80 4
22 33 21
41 93 20
41 72 15
68 69 16
9 72 21
7 24 18
42 76 3
31 67 10
43 55 24
18 48 2
38 51 19
5 90 5
37 77 2
48 53 17
33 81 11
9 33 12
41 52 19
49 83 25
29 55 21
19 84 3
26 92 8
34 42 14
32 44 3
56 92 17
9 90 3
25 30 7
39 58 6
28 72 7
13 48 14
3 35 13
21 100 11
48 63 9
8 86 17
65 90 4
39 53 17
26 79 19
62 96 6
45 54 22
25 27 1
30 63 13
20 59 5
54 75 24
11 40 17
49 56 3
37 51 3
5 28 12
20 76 2
38 50 11
23 94 11
73 80 19
18 43 25
67 83 12
81 98 25
15 87 4
5 73 23
8 27 4
6 36 2
9 84 6
38 81 12
21 59 16
5 66 14
51 54 1
79 85 22
22 57 22
58 94 4
27 38 15
35 81 25
81 84 4
1 72 7
47 85 14
57 98 25
30 49 4
9 14 15
35 37 9
65 97 24
9 25 7
25 91 21
31 65 23
70 72 13
4 7 5
11 97 6
51 63 12
17 55 18
21 72 19
2 37 6
57 84 7
22 96 19
17 83 9
54 78 18
19 76 15
23 98 3
14 25 2
41 83 10
12 36 17
54 58 23
60 71 10
25 57 3
63 90 10
59 76 14
16 41 16
82 91 16
42 87 19
15 60 11
75 83 7
25 26 14
26 28 3
41 65 20
64 73 25
33 76 2
3 80 4
51 81 3
24 93 3
47 67 3
59 99 23
17 42 13
46 77 18
21 28 8
42 100 22
39 75 19
32 81 1
19 88 5
16 62 24
5 22 10
48 84 22
65 78 3
18 64 5
16 27 5
55 92 7
21 39 7
1 15 5
34 37 4
35 76 17
27 88 17
60 61 9
95 96 6
22 50 2
55 96 22
67 94 24
3 93 15
23 48 19
29 59 13
41 91 2
62 98 3
28 37 22
49 97 10
42 95 11
10 95 23
5 72 7
73 76 15
44 84 12
9 71 11
52 95 19
3 46 4
6 37 8
35 60 3
36 74 25
75 88 23
33 58 20
3 63 5
55 72 7
38 63 1
19 35 4
46 79 16
51 64 20
25 60 14
61 62 15
11 52 8
3 18 1
38 86 4
71 75 21
9 81 7
31 41 19
3 4 15
19 85 12
54 88 8
50 52 24
18 73 25
47 91 16
10 70 15
44 64 11
14 57 9
15 32 14
6 84 21
23 45 6
19 99 15
6 40 24
13 66 12
18 46 20
45 63 9
12 97 5
71 93 17
59 91 15
52 75 24
32 48 7
17 98 22
31 70 10
69 95 1
51 77 13
30 42 8
36 37 18
22 41 8
19 29 13
5 63 7
30 64 2
9 77 8
9 78 15
9 51 8
7 31 10
27 59 4
61 98 5
22 62 4
32 33 22
10 71 5
53 66 24
25 93 21
30 66 9
66 83 4
58 96 17
21 73 18
4 91 18
29 54 14
40 72 25
80 81 7
36 61 19
51 67 23
4 44 6
82 93 24
35 50 14
3 67 9
11 20 25
5 27 20
22 36 1
1 82 12
5 99 24
22 53 5
8 84 17
28 40 11
17 93 19
10 93 5
43 75 25
60 84 3
53 90 7
10 43 16
24 34 1
31 45 12
56 82 21
6 91 8
25 86 1
42 51 6
5 30 7
91 92 12
49 93 14
5 39 11
45 84 9
7 54 1
3 32 23
21 82 4
37 73 14
39 70 9
16 78 6
36 48 6
38 40 20
25 35 25
17 74 9
28 68 25
10 74 14
28 34 6
18 78 10
73 96 18
14 100 24
5 16 7
15 85 8
15 34 23
15 97 2
11 59 9
29 34 21
95 100 1
30 38 5
93 97 18
33 82 12
34 76 3
62 68 23
4 62 16
38 58 3
8 89 10
18 72 22
27 65 5
29 45 23
40 58 25
64 91 3
20 25 14
23 57 25
47 70 2
51 72 9
51 73 10
60 72 23
1 70 23
32 43 22
38 43 17
81 100 19
73 82 1
32 45 14
14 34 7
55 75 11
2 23 4
33 97 7
58 84 21
32 37 9
3 82 2
16 81 6
15 16 13
18 40 12
49 86 5
10 28 12
45 85 11
10 96 8
1 73 12
14 39 5
24 82 13
78 80 11
65 77 13
52 92 25
6 69 20
21 67 23
65 86 12
48 55 9
40 51 6
28 97 3
2 70 7
26 90 22
19 58 14
15 80 5
82 94 15
41 68 16
42 79 13
15 26 12
23 73 24
16 72 7
22 42 7
60 67 20
78 85 22
52 82 11
46 87 24
3 91 23
25 40 9
1 12 2
48 68 20
38 41 7
48 49 7
69 89 11
2 55 11
92 97 14
21 68 25
3 40 14
43 67 4
19 40 11
4 34 21
39 52 22
4 96 14
40 59 22
6 14 1
50 61 21
50 63 10
47 66 23
21 35 7
62 77 9
86 94 9
86 99 8
1 45 18
39 63 16
22 63 15
13 92 22
34 62 25
66 94 17
85 89 1
10 31 11
75 90 10
29 30 6
80 99 20
43 94 20
88 95 5
75 76 6
49 69 13
32 67 2
2 54 18
1 59 6
47 54 4
26 85 19
75 80 24
52 77 20
1 43 4
19 56 9
20 37 6
15 18 17
4 63 12
7 80 22
50 92 23
24 90 12
61 99 21
66 90 5
86 97 4
8 43 14
7 76 25
56 69 9
4 71 24
6 86 19
16 64 13
22 90 25
43 74 24
27 54 4
43 72 9
19 67 5
29 41 1
25 77 4
36 73 1
6 79 18
54 77 23
3 72 9
3 54 7
70 96 4
21 57 14
49 94 4
8 79 13
4 90 16
49 58 4
20 98 22
18 92 18
97 100 25
72 96 16
45 93 17
56 91 15
38 42 21
41 90 2
40 93 20
77 86 6
15 68 7
17 21 17
3 30 6
24 95 16
51 80 11
37 68 6
27 94 2
33 44 16
4 85 6
58 97 10
58 89 22
23 83 13
21 88 2
10 92 18
24 76 10
23 74 3
11 45 9
3 68 14
13 82 6
52 81 3
24 67 20
16 36 13
54 61 23
23 88 20
5 23 20
77 85 15
19 86 15
47 48 10
19 44 25
53 61 8
47 78 10
30 55 12
96 99 17
36 39 19
37 47 4
18 41 3
34 61 10
76 84 13
11 64 6
10 88 4
4 93 17
27 99 18
58 72 22
73 98 13
77 90 10
26 63 5
32 84 11
13 30 25
43 85 8
36 100 8
6 59 1
74 88 24
17 90 8
18 75 3
11 24 10
15 76 4
10 22 10
37 42 22
23 47 16
30 74 15
24 44 4
66 80 25
14 47 24
64 75 7
18 85 9
44 100 13
5 47 13
45 86 25
45 49 10
29 37 12
9 74 19
1 32 12
4 25 8
7 90 11
11 15 21
33 93 1
68 97 13
14 82 22
18 63 12
53 98 16
7 64 25
30 32 24
24 79 8
11 87 15
70 86 2
15 91 3
58 99 21
77 98 1
7 83 17
1 23 6
31 86 15
34 80 22
66 89 23
12 72 23
26 60 7
65 80 25
7 37 1
27 52 23
24 96 4
31 88 10
41 85 16
40 73 4
79 88 22
56 93 7
45 97 14
40 61 1
35 42 4
26 61 16
49 96 7
22 77 16
73 83 22
65 96 16
40 64 20
1 42 23
33 64 10
2 83 6
13 76 20
62 99 16
21 52 8
6 73 6
15 56 8
2 76 9
3 43 2
68 75 25
85 90 16
34 92 15
12 99 9
19 39 19
63 78 9
34 56 2
17 51 13
19 68 4
38 59 4
22 39 2
22 44 15
17 43 24
68 81 9
38 80 17
4 18 7
44 69 2
36 56 19
27 39 10
13 15 2
46 76 21
74 94 22
13 71 12
2 10 2
14 66 7
84 86 20
38 61 10
13 22 24
64 97 10
14 67 6
98 99 9
23 52 14
21 97 20
31 48 22
2 67 9
11 25 17
89 100 11
19 54 2
17 58 5
41 80 1
81 87 14
28 33 20
89 97 5
55 93 21
54 98 13
23 86 8
10 72 8
37 57 21
92 95 16
37 63 22
7 66 4
24 69 12
8 53 13
60 76 25
10 37 14
17 34 14
24 98 10
26 47 24
16 73 16
10 12 21
34 98 7
2 38 15
6 65 20
11 69 18
23 71 21
21 79 13
6 43 24
41 54 8
1 76 22
1 69 7
31 73 5
3 78 23
11 89 5
13 18 15
3 99 16
48 97 16
14 59 25
68 80 2
40 42 6
35 67 23
11 31 4
11 28 18
75 99 21
67 84 3
11 73 1
6 96 21
31 66 24
9 11 23
31 40 9
8 21 12
14 24 8
89 99 24
86 100 7
72 99 19
37 64 2
32 41 16
12 43 20
44 60 24
5 7 23
31 37 7
33 77 7
5 59 7
56 59 2
25 55 18
73 84 2
45 95 15
3 13 18
23 93 15
70 92 13
42 70 6
21 93 11
67 85 13
23 27 25
49 55 16
23 63 13
51 53 25
7 27 20
38 45 4
60 79 3
53 89 18
68 99 5
31 39 25
4 72 12
18 56 14
17 24 24
56 94 1
2 84 25
2 90 6
50 81 1
26 55 19
31 56 2
61 68 4
7 94 5
21 27 21
10 54 12
23 43 10
53 91 25
48 86 16
3 55 22
31 92 24
56 65 15
41 69 13
62 67 25
7 61 18
24 58 17
24 35 11
53 76 4
5 65 22
42 68 4
21 34 20
29 80 25
58 92 10
8 83 4
1 64 21
7 38 18
57 96 16
50 69 10
10 41 4
90 99 22
2 56 10
70 82 9
7 41 23
32 60 10
7 92 13
8 60 15
45 51 12
15 29 2
34 55 24
16 33 4
23 76 1
40 89 6
44 48 10
50 70 11
34 39 25
49 92 6
22 95 23
64 99 25
72 86 15
76 85 12
49 84 6
17 39 15
6 19 24
20 83 7
2 19 18
66 72 23
12 81 18
30 100 1
67 95 7
6 55 11
5 56 5
12 28 22
38 49 11
1 30 2
31 53 17
54 65 19
35 49 14
16 66 20
12 32 18
27 98 22
15 44 1
56 79 3
2 28 14
36 41 25
30 87 6
35 57 5
26 45 2
76 87 6
7 55 22
36 77 22
2 16 25
13 26 17
18 55 25
85 100 8
67 68 12
51 93 6
23 89 8
17 95 23
17 53 17
10 68 16
53 78 10
43 50 18
60 70 14
41 63 16
52 70 22
37 61 15
97 99 8
24 46 22
6 11 4
36 57 2
4 11 15
52 83 10
13 72 12
32 62 3
11 54 2
26 88 1
83 85 12
29 58 17
5 88 4
13 93 17
47 55 10
42 62 15
47 50 17
23 78 22
41 95 25
29 90 13
33 69 14
36 49 18
7 32 13
44 88 21
42 81 17
15 67 13
34 78 24
5 54 17
69 87 6
18 96 1
2 60 8
28 47 12
14 22 22
21 58 22
54 86 11
8 48 21
22 46 16
35 83 24
14 20 7
14 86 24
53 54 8
7 88 10
48 50 6
14 56 22
7 96 18
21 86 6
13 70 10
22 45 19
75 81 19
59 87 2
80 90 12
71 96 17
8 69 22
14 99 11
62 92 5
40 76 20
7 57 23
48 64 5
16 19 23
16 31 2
39 88 25
78 95 7
12 14 20
38 54 16
22 38 25
12 90 1
80 91 21
60 100 20
39 89 7
43 92 12
76 93 22
27 34 12
53 87 23
70 99 10
33 73 19
64 93 19
13 14 9
7 89 9
29 69 25
23 46 9
32 35 1
53 82 2
82 99 8
78 79 15
14 33 13
71 82 6
46 55 14
56 70 19
9 19 23
75 82 6
34 75 21
44 67 16
2 15 24
55 60 16
43 87 21
2 72 13
29 43 18
20 82 14
55 85 4
8 22 24
65 68 18
35 39 18
8 33 18
8 45 12
7 11 13
43 86 13
57 99 24
24 31 18
48 75 22
12 26 23
11 67 21
63 100 12
5 6 5
70 78 17
2 31 2
38 46 14
34 66 24
54 87 21
44 71 4
91 100 10
21 69 16
4 73 4
16 70 19
4 100 25
17 86 2
43 82 1
46 57 12
10 56 1
7 22 2
29 32 15
47 77 16
8 64 19
56 72 24
7 15 14
28 77 9
9 17 12
5 85 25
70 85 18
16 85 23
31 52 21
7 47 5
53 60 23
64 82 10
2 6 18
61 65 1
46 78 15
37 62 11
12 52 19
36 75 25
50 86 6
32 36 24
24 25 17
47 94 9
35 61 2
14 80 25
72 77 14
41 45 25
25 34 20
59 66 16
16 34 15
36 66 9
18 39 25
10 65 1
15 86 10
90 94 5
34 90 11
5 25 21
13 89 10
30 47 9
26 84 18
14 40 19
68 92 8
61 93 5
5 36 23
25 94 15
3 5 4
14 61 1
14 48 8
35 69 20
79 96 16
29 86 10
79 98 4
63 93 3
50 85 8
56 60 24
27 83 13
27 71 22
2 7 8
6 67 25
20 53 14
62 88 2
4 45 12
19 90 6
17 92 10
13 24 16
43 56 9
62 73 14
10 30 4
3 83 16
54 85 3
25 33 7
24 59 18
38 55 7
59 61 7
51 75 25
12 74 19
47 62 4
65 89 25
21 36 24
51 97 8
6 92 14
64 68 21
71 73 4
24 36 18
38 88 17
51 56 18
41 57 2
9 48 3
20 72 13
20 74 5
47 73 12
1 13 16
37 92 17
10 35 24
11 35 9
59 77 24
2 26 24
43 52 20
57 83 12
28 65 17
3 92 11
73 91 12
37 45 12
76 92 14
24 26 2
42 64 11
84 91 18
61 86 19
83 89 24
21 22 4
69 75 11
24 97 10
12 64 16
7 19 15
19 32 2
33 66 15
15 25 18
10 48 19
82 83 20
15 100 14
4 5 7
62 71 14
26 44 6
20 35 22
2 22 8
25 66 10
93 99 21
18 69 16
16 39 17
4 30 14
18 58 3
22 23 14
26 67 2
5 21 11
38 69 21
38 52 13
15 62 18
6 31 21
9 21 11
15 49 15
44 51 8
26 74 12
16 56 22
41 88 20
16 69 3
2 86 6
22 32 12
7 93 4
26 81 23
82 100 5
13 45 2
13 46 19
1 6 9
70 79 20
87 92 11
28 90 21
9 65 16
82 84 18
30 68 16
76 88 8
28 96 9
20 89 21
68 71 2
11 86 8
74 91 20
13 99 7
66 69 24
46 98 21
2 79 12
62 79 22
61 76 7
62 89 15
27 64 25
55 65 16
74 75 25
27 84 8
4 54 4
57 61 16
9 39 24
2 93 9
4 94 3
2 80 9
1 75 20
32 65 2
20 87 10
18 37 17
59 86 7
48 85 15
31 82 10
20 56 25
78 99 23
57 64 3
67 88 19
50 54 7
88 89 17
11 72 13
21 53 7
64 89 3
2 92 24
1 40 25
64 65 22
90 98 16
8 19 23
31 93 6
46 83 21
8 85 17
12 38 18
81 92 10
75 98 7
7 78 23
5 50 6
22 88 21
68 95 23
27 82 4
18 67 22
27 89 6
61 77 17
6 49 18
30 61 11
43 93 2
29 71 22
27 97 11
17 25 9
51 94 14
22 65 24
22 49 13
57 71 5
17 91 12
83 86 25
75 100 2
47 51 4
18 66 4
53 69 3
72 81 6
17 79 17
66 76 10
72 76 4
68 87 11
11 17 1
40 65 10
46 80 2
27 40 12
23 64 16
22 24 5
31 49 20
28 98 4
54 59 20
60 91 25
3 42 6
3 6 6
40 82 22
18 26 18
39 48 16
72 93 18
13 64 12
47 75 11
80 83 24
76 100 25
53 74 19
34 99 2
24 99 9
56 67 7
38 83 14
1 2 11
62 74 7
21 50 15
89 98 11
34 50 4
31 57 10
26 51 20
35 82 6
35 91 17
58 88 21
64 96 23
45 77 14
63 67 9
15 64 3
5 29 19
32 82 8
53 62 22
45 60 7
8 87 8
58 65 11
9 26 10
1 79 1
14 91 13
1 41 25
25 63 19
21 95 15
19 70 13
9 85 22
17 59 23
4 66 24
49 50 17
34 54 21
44 46 20
5 24 20
2 47 24
56 85 2
7 60 24
7 40 8
1 90 6
19 21 19
11 81 2
15 42 14
42 88 10
52 63 7
7 73 1
38 66 6
47 80 9
11 76 19
40 85 11
25 46 25
35 45 16
47 83 14
7 44 14
45 92 20
63 98 14
33 94 18
88 90 17
28 88 24
69 90 7
63 71 15
7 95 20
40 46 5
22 80 3
35 89 20
19 93 5
13 75 6
74 85 21
68 98 11
11 95 11
29 62 17
12 37 20
3 100 10
29 65 6
4 41 13
85 92 19
80 95 8
29 94 6
14 35 25
36 65 21
69 93 11
39 71 2
41 51 2
48 83 13
2 53 1
10 69 8
32 89 16
6 90 9
25 71 9
40 45 19
23 37 15
6 29 12
40 70 21
26 33 10
6 66 24
7 97 24
1 38 11
46 75 15
20 84 16
71 91 8
7 62 25
5 81 23
60 85 13
22 60 16
29 35 8
23 96 3
25 56 15
33 46 14
38 39 18
15 77 15
63 85 4
36 43 10
10 18 25
26 68 7
46 70 13
84 95 25
1 81 25
66 85 8
39 69 11
5 68 24
3 21 7
44 56 20
10 23 19
61 81 3
4 12 13
62 93 8
38 47 11
13 28 19
17 50 21
44 82 16
3 97 2
46 96 5
9 63 3
9 94 19
15 74 7
48 93 9
27 72 7
36 92 23
50 99 7
30 60 21
12 86 5
78 86 1
16 100 2
22 78 10
37 41 13
75 79 23
49 95 18
24 91 16
55 87 5
60 88 4
6 98 17
83 88 20
33 72 20
17 56 21
10 61 6
9 20 7
41 62 24
10 59 25
6 18 19
47 89 20
44 91 23
24 78 17
45 91 25
12 92 19
38 97 12
11 13 22
34 59 23
14 73 25
1 98 6
61 74 22
42 69 24
5 69 2
38 95 13
19 50 4
6 10 16
15 96 20
94 100 15
27 81 20
29 49 25
15 90 6
22 27 21
38 100 12
78 97 14
4 75 24
24 80 20
84 93 5
2 42 22
85 97 11
21 24 13
43 97 8
23 39 21
31 80 4
13 95 25
39 74 9
13 56 22
24 72 12
28 80 22
27 51 19
40 63 24
8 51 4
66 77 10
46 47 2
40 69 6
32 72 19
58 78 11
25 99 22
77 92 15
29 85 8
63 81 20
2 91 20
3 17 9
81 93 6
13 35 8
31 77 23
58 73 7
40 50 1
88 98 10
1 56 20
2 36 20
72 79 21
21 60 8
23 90 7
12 89 16
70 97 10
32 42 11
3 51 15
45 76 17
1 63 6
14 55 1
19 71 18
64 72 14
77 84 16
60 81 19
65 92 23
10 82 7
3 16 24
19 96 12
43 88 14
22 30 15
10 75 19
3 7 17
26 64 6
18 70 22
27 45 8
8 17 7
60 98 1
28 82 7
59 64 12
85 91 9
18 79 21
15 40 16
89 92 1
14 26 15
69 99 23
4 31 5
66 79 18
18 31 6
17 85 13
61 73 22
68 100 25
67 80 11
5 55 18
24 81 7
27 43 10
58 61 3
39 57 14
21 78 18
12 31 14
39 77 21
75 86 8
1 46 18
69 85 13
70 81 11
33 52 15
70 74 13
7 81 3
11 57 5
65 83 14
60 93 8
94 95 7
13 88 5
1 61 17
2 11 13
68 94 10
39 40 19
6 20 20
69 74 14
50 91 12
38 94 19
34 87 3
31 76 19
24 53 13
22 54 5
18 82 15
35 96 8
33 85 1
28 46 7
12 71 22
30 65 16
65 76 1
74 96 17
36 76 20
11 16 3
19 20 7
66 92 19
89 91 9
39 51 5
8 55 7
29 66 10
23 50 13
12 53 8
4 20 18
20 57 18
10 33 3
32 68 5
4 84 11
22 59 8
5 43 15
15 53 14
28 54 24
21 85 4
45 47 18
46 69 14
40 94 11
14 79 21
38 56 6
39 61 6
31 72 15
16 61 25
7 17 17
28 49 3
19 62 10
50 97 12
14 21 16
29 38 15
39 50 24
21 26 25
32 54 18
53 64 20
1 97 5
60 78 11
13 34 4
45 69 15
8 34 3
49 53 15
29 75 15
59 68 6
49 89 17
33 91 25
51 96 1
53 63 6
47 53 12
21 31 13
20 47 11
85 94 23
2 43 15
31 94 8
15 65 25
19 30 1
17 87 2
46 71 7
58 87 18
19 22 3
31 42 8
68 83 1
2 51 21
4 78 23
49 75 9
31 69 13
24 68 3
5 79 16
76 82 16
5 80 18
24 94 9
61 71 17
3 23 4
56 98 6
8 91 21
48 76 19
13 84 5
12 60 15
31 62 6
6 32 4
5 97 18
9 87 9
28 57 22
33 61 21
49 81 12
22 67 17
13 44 1
45 48 13
35 72 12
52 99 11
22 89 5
52 76 9
51 68 25
3 73 12
31 61 7
31 54 17
33 34 22
39 76 8
26 78 1
2 59 17
40 49 1
43 79 21
21 63 2
23 80 9
20 81 12
8 80 18
55 94 10
39 85 8
37 78 9
64 87 10
4 38 7
6 33 6
60 86 1
9 60 23
11 18 10
14 44 5
28 69 4
37 56 21
3 85 9
28 67 12
63 84 7
9 23 17
30 79 2
24 43 5
28 59 1
5 20 14
38 75 2
45 98 17
35 53 14
13 86 2
60 90 1
42 99 3
34 52 3
68 76 14
6 85 18
4 61 17
33 40 21
50 79 13
15 20 11
16 60 22
72 73 5
15 31 13
40 66 21
30 91 25
50 80 3
37 84 8
77 95 20
28 44 23
34 46 16
13 43 3
53 57 25
79 91 24
43 47 6
2 100 10
5 74 9
26 93 1
31 63 22
1 95 21
56 100 9
57 67 24
49 71 3
44 70 17
9 31 10
6 99 19
1 34 21
3 94 2
4 86 25
65 81 11
14 60 2
38 67 6
33 35 12
9 57 4
8 81 24
17 36 13
47 81 6
48 96 24
21 29 18
10 90 23
2 71 10
53 68 18
37 80 11
89 93 25
35 75 20
9 15 16
35 90 15
91 95 9
