100 990 25
44 55 24
54 98 12
34 76 9
27 95 17
31 99 2
38 89 16
21 50 11
3 6 7
5 69 10
10 97 4
67 94 1
44 96 5
50 93 21
23 27 8
3 86 10
18 94 9
34 52 15
39 61 10
55 96 21
2 89 5
36 64 22
7 83 23
15 49 7
1 70 17
32 74 10
19 60 10
9 23 7
56 93 1
44 49 17
46 48 1
10 39 15
27 99 12
68 85 9
16 45 25
23 83 2
39 67 14
4 11 2
27 96 8
32 71 5
14 69 5
53 90 5
44 45 5
63 74 22
13 24 8
33 64 3
10 17 23
24 76 3
43 71 9
77 96 21
80 96 1
32 80 4
13 33 18
5 17 23
47 95 7
52 75 7
13 21 11
21 75 20
24 31 23
28 72 21
3 58 14
47 99 13
31 59 4
23 51 19
64 91 1
7 50 11
24 44 14
22 88 13
30 47 1
38 99 18
59 63 13
19 23 25
34 88 12
25 78 4
52 87 23
25 86 14
4 83 7
8 25 16
33 47 2
63 93 11
52 67 18
56 80 5
22 45 3
9 49 2
24 49 7
42 91 22
96 97 17
10 45 8
73 96 15
12 18 16
77 93 22
80 98 18
38 71 15
9 91 11
12 98 24
1 20 25
11 79 8
24 98 22
73 99 16
43 83 3
32 36 7
68 99 4
27 39 15
16 36 3
48 72 22
37 78 11
29 56 22
2 86 21
22 50 20
91 96 19
22 97 19
23 39 9
52 72 17
69 71 17
28 37 5
6 56 20
75 76 15
13 85 17
7 49 16
17 67 9
50 86 7
62 84 4
75 78 6
7 32 11
90 99 10
53 92 22
28 97 1
36 61 17
76 95 7
45 77 5
57 62 14
15 57 12
28 95 11
79 81 6
22 31 17
39 92 22
22 56 15
23 85 18
18 35 4
34 86 15
43 76 2
21 85 15
45 84 22
39 41 19
32 41 4
40 59 19
77 86 3
32 53 16
1 37 11
25 51 24
28 73 17
38 58 5
9 58 4
35 99 19
41 43 7
10 23 8
92 93 14
3 79 6
7 15 18
50 64 18
31 98 20
27 66 1
13 45 24
1 9 21
18 69 11
71 94 5
2 20 21
65 84 15
11 61 10
4 9 10
78 80 9
9 90 17
67 79 2
6 37 18
45 66 25
4 37 5
62 74 18
52 85 5
1 22 20
78 89 6
25 28 4
27 98 13
17 88 13
1 3 25
30 87 5
81 89 25
18 22 2
23 57 23
15 100 21
17 71 22
29 69 24
23 63 18
21 23 16
61 75 2
1 4 3
41 95 22
40 83 17
41 94 15
6 91 5
51 79 7
21 68 23
23 90 10
91 92 5
19 85 21
19 46 19
21 22 4
42 62 16
45 100 1
23 45 24
24 91 8
12 13 12
37 62 18
28 90 11
73 90 6
79 100 20
50 83 23
18 47 2
75 88 22
2 93 5
72 78 17
40 60 19
95 100 4
12 79 22
18 21 7
46 69 4
43 69 15
23 44 23
54 73 6
52 98 15
8 73 13
10 15 17
22 47 22
47 57 12
57 92 13
61 88 24
19 77 17
26 64 7
13 56 7
4 85 14
41 56 7
71 92 15
10 32 7
70 83 16
3 44 1
67 78 14
13 55 24
42 71 17
68 82 23
42 43 9
36 87 12
70 88 15
33 91 15
9 13 6
51 94 11
11 32 13
8 72 23
9 33 11
43 70 3
38 67 15
40 78 8
22 42 16
1 67 1
69 100 19
37 83 14
3 93 13
4 81 2
24 72 15
71 88 12
28 80 2
81 83 23
77 81 10
74 93 2
9 83 4
91 100 16
60 65 25
37 40 8
10 76 20
33 87 7
7 19 21
34 55 10
58 67 21
74 96 21
58 92 19
24 26 18
24 51 23
34 96 15
27 44 24
1 2 23
81 92 20
87 89 8
51 68 23
58 68 24
27 53 4
9 48 9
54 84 17
3 11 15
11 75 20
6 62 25
27 64 8
49 97 2
66 77 19
6 18 23
25 79 24
73 75 10
51 54 6
76 97 19
4 56 14
66 72 13
28 82 21
86 87 2
8 54 7
74 81 15
52 65 17
1 51 23
69 81 15
19 39 15
10 16 15
48 91 9
10 71 25
22 67 10
43 57 4
77 78 17
54 78 5
27 63 24
9 73 15
23 72 16
71 89 2
34 42 8
31 52 14
4 39 6
43 58 19
23 88 10
53 91 13
42 82 23
78 99 17
6 43 6
53 89 5
23 91 20
92 96 24
17 38 21
21 48 19
84 85 9
83 93 5
2 8 14
68 84 25
93 97 7
54 68 7
55 76 1
72 89 23
3 99 3
17 29 20
58 77 7
17 66 25
1 94 16
57 68 9
1 93 14
33 88 7
4 26 14
36 38 3
31 44 20
35 55 9
23 79 8
18 39 25
67 91 5
52 70 21
59 72 4
35 60 1
48 62 11
53 65 8
35 84 9
8 40 5
45 91 3
35 81 4
21 72 15
17 64 23
60 96 9
82 89 24
1 10 19
53 78 9
84 100 15
13 67 10
26 60 1
15 34 10
39 100 10
35 97 18
74 75 1
19 63 14
2 13 22
9 11 1
45 73 9
1 65 23
47 91 1
30 56 25
57 58 20
40 46 13
41 46 3
52 91 8
10 36 20
9 19 12
20 84 3
5 21 3
44 47 3
58 74 18
22 85 21
29 34 8
43 63 24
33 68 19
13 36 22
52 90 1
4 40 7
60 82 11
5 31 25
40 55 20
35 75 16
13 78 20
20 85 3
9 61 2
10 88 12
44 61 13
5 43 4
24 55 12
27 54 14
14 46 18
55 77 22
30 39 16
22 72 4
18 80 1
47 100 25
45 80 11
12 43 17
55 87 6
18 52 25
65 67 22
26 44 16
17 39 5
83 88 9
56 63 19
16 59 4
18 84 12
51 88 5
4 75 6
14 68 14
41 61 21
43 99 19
29 59 19
62 80 13
16 21 11
34 85 21
32 72 14
69 83 19
65 92 1
25 77 23
2 98 13
34 61 2
38 95 10
11 17 12
35 43 6
23 96 22
28 89 12
71 73 20
44 82 24
41 74 20
24 75 24
15 74 8
25 71 9
80 85 17
65 82 11
57 90 10
34 44 22
19 24 17
34 40 6
50 60 3
11 16 10
71 77 2
26 70 10
13 27 6
20 65 2
50 69 19
32 34 25
2 92 9
21 60 23
25 89 1
36 94 17
74 89 19
67 86 18
1 40 5
14 22 1
53 61 22
19 68 15
9 53 20
55 57 4
15 32 15
17 49 2
25 72 24
17 55 2
32 38 16
47 71 3
17 84 3
14 50 25
25 26 2
23 41 21
21 62 21
7 35 2
61 81 4
11 70 8
3 82 23
58 86 7
19 53 11
61 67 14
16 48 17
14 79 10
23 48 19
30 48 21
34 69 21
20 46 11
31 68 22
35 64 6
14 34 11
2 12 20
53 66 24
63 92 21
60 75 7
12 51 11
72 100 23
79 82 25
9 68 1
20 56 3
51 90 7
14 82 11
17 69 18
20 66 19
58 69 10
46 80 15
42 46 4
37 50 20
32 95 11
46 50 9
13 60 15
18 53 1
14 94 19
15 83 15
45 97 21
7 84 6
60 77 8
20 25 11
11 94 24
53 100 10
13 43 20
7 30 19
2 64 6
14 93 14
33 40 9
3 7 10
36 78 19
47 69 2
55 60 15
22 81 2
12 73 15
14 83 17
62 93 18
6 7 16
57 72 22
66 99 1
32 98 25
31 90 3
29 73 10
37 47 10
1 48 17
6 96 13
33 81 11
68 81 21
40 75 15
29 62 7
62 67 6
10 22 19
41 57 13
4 8 14
12 55 4
1 88 4
3 57 9
24 38 14
52 81 5
14 56 10
42 99 2
5 51 1
34 36 22
91 98 24
65 96 19
14 99 11
92 100 20
80 99 5
11 59 6
23 89 18
29 60 7
22 69 23
17 65 13
1 6 22
20 37 2
19 92 14
21 84 5
49 90 8
13 35 16
35 85 19
71 91 8
20 75 3
1 59 14
3 27 4
39 40 18
19 35 15
28 83 10
24 70 14
10 83 19
19 45 12
24 52 20
44 76 7
17 27 22
29 48 10
9 42 22
49 52 15
56 59 24
35 70 10
21 42 11
16 32 10
66 94 6
1 44 8
51 64 19
4 12 10
60 76 11
7 94 21
25 32 17
12 37 19
18 66 5
57 70 9
25 43 23
31 75 24
82 88 25
69 90 17
9 87 25
58 83 18
39 62 18
30 68 12
44 84 3
30 88 24
11 56 19
19 74 19
69 86 20
17 61 21
37 44 2
17 25 25
16 72 5
25 39 22
66 95 16
29 80 4
47 56 14
29 88 10
60 93 7
63 72 17
13 91 10
68 93 23
49 64 13
15 27 21
10 33 24
82 91 13
29 38 21
70 90 20
24 28 5
75 93 25
47 88 19
48 99 17
77 82 4
38 63 25
73 79 12
44 56 9
59 99 6
75 86 12
46 93 5
29 57 16
32 60 4
49 56 16
9 32 17
42 84 9
57 88 13
53 58 21
37 54 15
47 68 10
36 86 14
6 30 20
36 90 6
8 50 11
11 15 1
15 96 22
65 73 4
8 62 10
55 86 18
7 53 1
20 92 23
12 20 22
47 82 2
67 76 14
3 100 16
13 44 24
33 51 5
40 44 3
12 32 17
21 53 17
30 32 18
55 71 11
14 87 23
43 93 6
14 21 21
87 97 1
25 44 2
35 67 24
34 95 25
25 46 17
86 92 14
30 66 15
30 73 19
46 92 2
38 50 13
25 81 4
38 72 17
12 75 6
39 97 2
30 71 10
67 83 13
46 63 19
83 97 15
16 89 2
50 68 5
16 81 16
19 87 11
19 79 5
44 80 23
64 100 1
21 96 5
41 99 1
51 83 17
8 36 13
17 42 1
15 37 11
59 66 22
9 70 13
4 5 3
17 94 17
52 61 6
72 85 8
53 70 16
22 78 13
43 49 3
45 95 3
14 58 2
84 93 1
62 90 23
19 69 8
67 88 13
50 88 6
54 69 25
41 58 13
30 53 7
9 94 13
64 65 11
7 39 1
37 99 14
6 75 6
24 69 10
8 64 2
11 90 21
83 86 22
18 36 4
44 67 1
4 10 7
50 54 18
37 70 21
24 66 10
56 64 1
18 19 8
10 95 8
1 35 15
22 27 3
42 49 10
15 21 19
22 38 12
12 66 18
36 84 23
5 46 21
16 26 3
22 77 11
5 48 16
59 94 18
42 66 25
8 83 10
81 100 8
86 95 8
14 28 6
5 56 3
47 89 20
25 53 13
11 84 4
30 94 24
76 83 1
76 86 22
49 89 11
61 90 9
63 67 2
11 51 16
48 100 19
46 60 7
38 69 5
18 37 5
60 61 13
28 45 23
67 92 23
52 58 17
27 61 24
22 82 24
7 59 20
42 61 11
18 75 1
4 97 19
15 72 16
75 81 11
34 73 15
40 92 24
59 93 11
53 72 20
19 43 13
39 53 3
4 53 8
1 64 7
30 72 12
65 77 24
30 61 10
71 90 19
35 53 17
20 36 16
22 95 5
64 93 13
39 74 8
35 90 25
29 71 12
97 98 14
30 65 3
26 69 13
59 62 23
14 91 8
6 47 14
1 39 11
18 43 16
3 71 16
1 87 12
19 22 12
26 96 10
2 17 2
21 79 4
81 82 20
71 85 19
17 37 4
34 92 11
7 93 5
3 83 14
2 3 5
55 94 20
13 17 6
77 80 5
61 64 21
21 74 22
7 17 6
13 58 24
39 66 14
47 52 4
62 89 5
38 80 7
29 41 20
36 95 2
1 56 6
10 77 23
6 20 22
25 76 15
21 41 5
75 83 11
4 80 4
33 69 16
2 6 15
90 92 15
32 54 4
34 59 15
72 91 11
3 14 5
33 67 1
13 87 13
3 16 21
23 66 1
13 37 23
3 9 23
58 73 13
5 98 23
38 94 22
55 95 21
2 28 10
56 99 23
33 94 15
14 40 5
21 26 6
30 69 16
10 73 9
8 49 13
30 60 4
12 19 8
26 43 8
6 34 3
23 59 13
33 95 2
75 92 8
45 71 18
67 96 8
27 46 22
14 61 13
16 47 3
3 24 7
43 91 4
31 76 5
10 43 17
57 95 3
8 66 4
49 57 12
21 59 25
44 50 14
62 76 3
66 70 4
73 74 2
2 46 22
16 49 13
20 81 1
13 64 2
45 83 15
27 48 16
41 87 16
1 91 22
26 56 9
45 93 18
47 55 12
7 42 13
78 91 4
46 51 17
6 100 14
43 55 23
59 78 5
7 68 3
19 31 10
10 30 11
45 90 16
3 60 6
11 89 3
45 59 19
54 99 1
6 23 14
55 88 25
12 54 24
12 76 21
82 90 17
19 48 6
12 15 5
21 30 9
39 47 13
24 53 11
14 32 1
56 77 12
26 82 16
62 98 10
40 58 2
31 82 9
12 38 5
48 74 3
33 39 25
34 57 13
25 36 10
11 97 20
19 97 11
1 52 9
32 46 18
10 47 8
42 83 4
19 38 13
46 85 3
48 60 17
13 53 23
14 57 8
48 75 17
5 54 8
60 68 20
