200 9950 50
87 137 20
65 84 49
97 108 5
46 138 24
63 77 22
117 132 32
147 167 43
24 136 15
15 170 13
35 105 25
62 173 22
101 122 1
103 116 26
61 135 4
35 132 27
54 119 16
5 127 21
181 193 38
86 142 36
44 104 16
36 181 30
81 101 40
53 157 18
102 193 37
62 97 25
101 130 25
170 178 44
68 145 46
33 165 35
80 92 37
68 136 1
2 82 42
48 77 12
88 136 2
75 122 9
53 119 45
41 71 37
29 77 27
121 177 23
12 16 25
137 151 29
76 177 35
97 163 45
41 129 40
73 74 44
57 80 49
5 68 6
100 164 15
52 159 47
90 118 3
109 143 2
55 111 27
75 115 29
10 36 21
122 187 44
107 176 12
71 145 34
31 160 40
48 171 16
79 123 1
82 167 35
42 99 37
182 195 8
32 113 50
134 199 5
6 25 42
45 48 49
11 29 48
121 160 20
55 160 48
155 193 44
58 130 29
128 196 26
12 199 37
34 104 12
40 143 25
68 71 22
114 134 44
117 140 6
52 145 12
132 183 35
32 128 49
73 171 4
101 165 48
37 80 39
15 107 27
50 185 23
113 168 34
98 192 17
40 196 3
26 192 49
72 108 34
143 165 45
15 194 41
86 88 20
57 75 6
113 193 7
129 161 18
31 137 14
99 175 45
126 167 23
36 99 13
39 134 2
54 132 2
81 131 19
22 48 1
32 55 34
82 166 19
35 52 2
23 191 36
51 74 42
102 168 28
56 116 45
93 149 13
96 175 50
21 32 13
84 195 23
50 190 25
63 105 39
97 171 1
8 180 25
21 71 4
109 142 29
21 112 16
42 196 32
136 187 29
83 152 9
7 29 17
92 181 2
10 136 34
59 192 11
90 91 10
26 160 26
11 176 48
151 172 34
64 186 26
6 172 18
51 148 25
80 167 40
74 107 12
102 161 8
96 162 46
74 80 16
98 140 6
40 103 32
38 46 29
8 60 16
57 186 42
49 79 18
28 125 45
88 174 45
26 108 50
79 145 19
127 156 39
8 122 25
9 160 1
98 199 27
54 110 22
63 189 16
82 144 7
74 190 23
136 145 5
151 173 23
55 200 3
39 159 10
14 101 43
36 138 27
70 85 5
32 73 45
19 90 50
125 186 50
4 70 10
118 135 1
55 192 36
81 124 16
173 189 35
82 187 45
109 123 46
48 189 14
87 193 29
28 160 34
79 156 6
142 159 43
80 149 5
38 108 12
102 200 1
13 167 23
20 52 47
53 67 49
44 133 9
145 164 20
106 171 48
53 77 11
40 141 48
120 160 2
80 186 30
64 143 38
6 134 32
23 181 41
13 53 19
25 177 21
21 93 31
29 104 47
49 182 18
108 122 34
66 198 35
39 106 37
123 140 29
41 98 33
81 186 3
108 114 6
15 109 17
16 58 10
63 134 44
47 116 14
124 150 33
17 147 11
22 74 1
42 140 24
182 194 9
59 189 37
32 78 48
115 188 1
29 73 38
96 179 19
133 155 2
115 138 37
68 76 6
69 176 5
90 188 43
166 200 11
170 173 2
95 182 3
1 191 34
2 199 28
43 73 5
99 174 4
17 71 27
132 180 14
118 149 35
169 170 48
37 69 23
26 126 50
82 84 34
54 102 10
60 173 23
18 84 43
83 180 7
110 153 44
56 173 7
26 132 46
62 139 1
38 139 18
113 179 23
38 117 37
111 162 19
84 146 32
46 51 36
41 190 20
32 123 46
166 173 43
34 88 11
56 165 12
17 181 9
80 87 26
145 155 44
85 198 30
141 182 18
20 40 42
15 67 15
77 198 46
21 42 18
1 32 28
178 196 5
61 178 42
95 111 23
1 92 50
5 78 43
93 123 1
83 158 27
75 146 21
155 197 28
8 19 35
3 162 2
34 163 42
114 197 21
28 131 45
127 137 46
24 167 30
1 187 36
53 122 27
60 144 27
144 152 13
123 198 35
181 185 49
27 120 34
98 145 20
141 156 46
35 152 27
91 165 34
48 90 18
27 154 32
139 141 3
17 90 39
45 164 17
39 181 25
72 91 31
6 120 34
26 99 25
180 183 29
88 93 26
70 156 27
52 127 31
87 125 15
3 101 5
49 149 46
94 130 6
95 99 26
145 156 30
123 174 16
135 164 37
16 182 25
7 172 37
81 128 1
57 111 24
82 195 45
45 47 35
62 161 42
48 118 26
112 145 3
140 172 21
9 62 39
94 158 35
58 85 43
36 192 8
20 140 19
61 190 9
152 185 27
123 154 40
70 161 23
27 107 15
38 109 32
10 133 18
59 186 45
83 145 39
11 23 13
80 188 45
45 200 44
28 149 8
54 78 49
131 152 18
21 145 34
150 165 36
78 162 38
113 194 17
165 179 36
91 192 17
125 162 6
163 199 40
53 71 47
28 34 17
74 151 50
119 198 6
69 133 8
121 147 2
117 160 49
33 35 5
15 23 40
124 178 2
5 84 36
5 24 8
18 26 3
102 108 21
63 146 25
86 87 13
90 153 34
155 181 13
123 164 41
27 39 32
88 113 50
21 140 39
66 126 20
47 52 13
70 147 8
168 177 29
106 125 2
9 31 16
102 139 29
83 140 2
33 112 49
18 57 43
69 118 7
86 114 3
166 194 9
95 144 13
9 97 27
74 141 39
163 164 37
55 196 47
74 199 9
53 151 30
44 53 9
100 174 18
60 83 2
97 167 8
102 112 38
82 133 39
97 139 15
24 83 24
77 100 47
100 128 50
70 86 3
164 185 14
21 22 43
50 173 50
31 52 18
91 186 34
88 117 9
146 176 10
107 156 7
183 192 9
17 57 5
5 180 1
109 193 1
56 73 24
49 114 9
26 197 38
47 89 21
26 138 11
138 151 14
29 34 48
56 92 41
166 167 41
73 167 40
120 121 8
154 158 39
50 200 20
61 85 5
62 185 16
130 194 17
143 149 42
75 196 49
17 23 32
93 163 17
37 47 33
131 199 39
65 125 50
85 95 31
113 188 43
11 20 10
135 145 38
4 125 9
39 75 25
31 199 32
128 143 27
159 197 34
101 169 44
62 92 32
78 90 19
66 152 41
81 185 22
128 173 47
100 195 5
87 112 34
60 195 40
88 129 9
52 152 7
94 126 21
184 197 2
57 125 27
5 150 49
57 162 24
23 100 31
21 48 44
64 93 30
115 148 4
151 164 5
150 195 34
89 188 48
160 177 12
127 197 29
13 159 9
27 28 3
1 104 38
52 187 24
19 168 22
105 198 20
150 191 36
38 44 28
38 52 4
86 146 20
98 109 25
115 128 45
117 150 27
25 69 13
48 143 37
79 94 46
106 158 17
48 79 20
2 4 20
16 118 44
44 66 37
37 116 3
7 26 13
17 74 29
45 167 14
24 162 26
1 116 11
10 134 18
182 187 26
26 33 42
51 124 33
7 45 43
151 154 27
37 49 36
63 113 22
112 126 37
18 145 45
151 186 48
76 187 18
62 165 34
121 123 29
4 56 5
168 191 17
8 130 46
38 100 37
177 189 14
103 149 49
82 102 26
30 40 2
158 185 34
11 141 21
100 109 3
81 106 7
130 142 7
41 109 30
39 40 27
47 149 29
17 59 39
87 101 19
120 154 46
100 143 39
133 189 28
64 120 27
98 196 22
85 190 7
67 168 38
14 169 5
68 193 3
39 92 34
30 156 5
58 111 29
14 114 30
123 144 11
69 104 4
105 138 31
179 185 49
25 117 8
145 182 30
100 122 7
8 62 14
47 190 49
64 166 1
69 149 23
61 156 6
106 156 21
113 166 27
106 130 4
57 66 33
188 200 40
2 172 40
56 89 12
130 158 46
66 109 18
8 50 48
136 143 30
16 186 15
40 161 34
91 173 43
6 165 28
86 187 3
59 142 22
7 152 31
113 145 12
2 15 50
51 68 35
65 174 34
12 188 2
24 45 6
3 194 2
148 177 24
13 168 36
143 147 32
69 112 49
29 131 41
120 150 25
79 101 14
89 121 42
57 184 44
79 186 32
43 130 27
102 121 36
5 104 46
85 138 13
80 115 17
64 125 12
7 40 29
31 113 19
28 107 33
82 93 27
3 94 12
168 183 25
34 122 7
68 157 21
78 140 42
65 92 41
17 105 39
51 127 10
26 60 15
128 158 43
58 194 18
41 114 26
71 155 5
18 129 47
111 132 39
131 132 49
17 45 4
104 189 50
138 160 29
38 138 5
173 178 37
17 35 30
94 152 10
109 169 47
78 164 14
111 194 25
88 185 3
28 127 41
22 127 36
70 90 33
3 170 48
148 154 44
23 47 43
16 65 37
130 147 35
1 2 5
96 157 39
99 100 5
14 81 21
2 42 14
78 95 19
64 192 23
35 92 36
99 196 41
55 193 30
20 55 41
101 170 10
72 145 4
3 104 37
116 160 43
13 156 5
118 124 33
96 180 5
99 160 1
130 181 5
101 132 38
67 184 22
125 155 41
75 180 2
108 161 17
16 114 47
97 105 17
53 160 21
72 132 19
88 190 15
13 136 6
51 193 29
1 57 15
19 175 22
28 87 10
44 174 4
158 169 13
31 132 19
91 127 17
131 169 41
74 153 30
9 101 21
69 124 24
89 170 9
90 152 36
90 169 31
76 95 45
86 115 16
5 131 20
1 180 16
15 114 50
77 162 21
80 138 32
72 200 6
40 74 20
5 71 28
156 163 37
48 139 50
71 104 7
122 127 23
44 132 50
39 131 42
91 145 19
5 38 2
77 185 18
124 166 23
90 196 17
11 106 15
24 31 42
17 139 44
138 182 4
18 78 44
134 200 43
20 88 13
169 191 43
48 131 2
144 160 49
13 84 23
9 57 3
14 147 24
184 194 27
6 11 38
10 54 30
50 72 32
82 158 33
3 198 31
1 125 42
50 90 2
33 130 5
169 197 50
6 44 7
135 193 22
28 200 29
9 108 11
13 69 34
58 112 40
12 172 26
43 161 2
13 42 2
124 148 40
152 188 23
140 191 15
19 109 31
55 96 21
10 108 29
28 110 38
7 185 18
31 171 40
101 129 25
73 160 1
27 90 30
147 156 18
70 157 41
145 176 37
58 147 6
5 186 13
87 150 35
4 84 1
115 196 10
73 194 7
8 185 25
38 195 31
34 91 19
103 188 4
155 158 23
41 97 45
52 139 16
67 172 39
92 185 1
25 143 16
115 147 42
23 72 19
78 104 2
99 173 3
24 119 24
4 42 46
86 167 34
111 114 2
76 141 37
76 161 25
55 161 50
30 92 45
53 150 19
102 173 6
22 85 14
130 188 19
61 158 39
160 165 8
70 105 2
98 153 4
88 130 44
99 177 20
63 126 6
87 173 14
55 175 2
41 174 2
6 163 39
12 185 12
40 115 37
18 200 11
48 109 27
175 191 19
47 58 23
46 105 46
58 153 2
133 172 10
62 113 36
61 80 13
74 93 5
16 113 13
60 122 11
110 200 10
107 142 28
39 129 8
43 60 32
52 126 50
1 25 9
107 152 42
133 192 19
101 182 46
2 146 49
154 173 44
12 170 23
46 128 45
85 165 36
66 150 48
40 147 9
61 134 36
72 167 27
17 145 12
9 122 18
30 121 24
170 189 32
94 147 49
52 101 36
30 79 45
96 133 31
36 149 38
35 196 2
88 106 41
162 172 37
35 99 19
84 170 8
125 176 19
43 56 48
94 128 10
125 133 21
110 188 26
133 199 24
13 165 48
103 106 11
83 109 22
111 135 4
27 159 5
78 176 6
8 89 37
112 134 10
121 198 13
12 120 25
20 56 13
34 67 49
35 47 17
98 131 41
59 122 4
27 38 8
29 156 47
116 134 33
25 162 8
32 131 39
118 131 20
97 191 4
50 81 20
12 41 22
16 166 34
27 96 22
23 199 32
130 199 2
110 151 45
51 71 21
23 31 9
33 60 8
24 151 44
2 72 30
103 140 1
60 188 10
122 141 23
52 53 46
73 91 20
142 195 41
14 152 13
69 148 47
18 67 13
22 111 22
21 65 11
12 52 30
10 200 12
107 165 6
14 168 31
139 198 7
29 56 47
42 103 44
46 73 47
15 127 30
65 197 31
61 136 47
20 126 50
15 104 16
161 183 18
83 99 22
97 178 15
36 106 9
96 177 34
7 122 9
114 183 14
26 133 11
111 178 38
137 196 25
32 127 33
85 193 29
60 131 49
11 46 6
10 152 17
35 90 27
30 35 6
45 159 22
56 118 21
5 181 39
61 179 2
89 101 7
73 124 50
95 171 33
101 104 35
122 135 27
15 73 30
94 108 44
155 157 35
32 107 46
129 157 14
20 29 24
156 161 47
71 146 17
108 139 13
10 25 41
106 126 19
98 161 43
8 38 11
49 147 32
124 131 40
100 169 24
4 67 11
9 33 50
34 149 10
78 112 11
43 198 42
9 149 3
16 102 30
39 136 20
47 181 13
28 69 8
121 143 5
33 189 10
22 140 12
101 155 38
5 189 3
16 82 6
67 90 47
6 58 33
75 88 4
69 142 17
166 192 23
40 184 36
66 185 1
49 184 41
43 111 20
41 42 10
77 134 13
45 194 5
76 92 13
100 151 41
23 163 7
4 183 43
80 197 34
21 150 5
132 165 42
174 197 31
99 116 43
5 161 42
49 82 2
151 153 29
52 89 8
44 103 28
84 173 36
34 138 40
158 175 33
122 155 3
7 94 21
33 125 7
69 79 11
11 112 35
63 182 2
12 27 29
88 159 27
87 182 12
14 25 38
11 83 49
144 191 23
107 175 4
52 150 50
1 46 32
33 63 41
54 158 12
12 22 23
76 149 33
15 139 16
117 155 22
104 143 18
23 139 19
71 82 13
99 107 22
99 122 40
28 196 45
15 121 40
48 150 42
48 178 3
35 169 22
29 157 11
17 97 20
54 68 18
54 186 15
3 47 23
112 162 26
72 165 13
28 179 6
142 192 48
99 200 23
3 72 15
1 168 22
99 156 16
1 8 17
100 161 35
72 89 46
5 29 10
4 106 6
131 186 49
159 164 32
77 114 24
50 96 31
17 67 17
13 152 13
68 138 30
29 165 35
21 109 26
15 71 26
68 177 16
159 182 38
92 98 9
57 190 50
134 136 48
90 191 19
39 144 6
41 150 46
52 68 28
7 22 42
13 190 38
10 20 14
71 84 11
46 124 37
17 89 17
36 59 6
11 71 18
24 68 46
62 141 3
5 11 43
66 80 19
17 189 36
119 157 8
20 80 34
64 156 8
147 199 8
127 194 10
5 130 26
15 182 24
79 184 36
107 190 42
25 42 20
162 175 29
71 140 44
57 86 50
84 112 36
24 37 34
185 190 7
90 156 3
10 109 26
67 149 18
12 197 14
23 38 28
127 154 43
78 93 6
70 123 49
130 141 1
18 83 13
61 174 31
133 177 35
126 177 38
12 133 6
54 101 18
24 139 26
43 114 24
26 125 22
84 100 15
11 69 25
93 101 8
9 86 33
45 84 29
13 154 36
89 92 30
67 113 24
73 195 23
2 137 34
109 139 6
30 61 12
9 35 6
116 155 33
53 107 33
80 113 2
25 94 23
74 88 36
4 154 23
50 184 40
108 185 10
100 147 27
127 172 33
2 95 2
37 153 36
88 171 35
86 154 33
6 65 30
43 193 15
25 58 50
65 106 18
68 144 21
89 174 6
13 62 1
145 173 45
40 133 28
52 121 5
112 181 12
31 107 34
79 99 4
93 173 26
84 114 26
81 196 7
119 131 7
71 101 2
26 155 17
3 42 23
52 183 34
79 165 44
85 181 25
67 130 34
29 69 33
141 143 44
62 172 12
73 143 9
8 54 7
81 99 11
106 147 25
33 198 25
16 137 6
51 143 26
91 120 32
68 178 10
77 101 48
80 108 43
74 83 31
45 118 49
116 169 49
12 125 25
124 170 15
21 82 44
23 154 43
46 183 48
42 166 29
17 149 45
72 109 29
21 165 31
82 145 21
24 138 3
69 186 15
160 196 5
48 50 2
155 175 41
25 190 32
43 133 35
7 147 11
46 101 19
2 63 35
138 144 1
154 181 30
119 143 31
11 156 16
13 80 50
64 96 6
154 164 40
124 175 4
44 68 15
187 192 26
129 194 9
62 200 38
96 186 44
134 190 7
157 192 16
121 174 3
21 186 4
146 184 27
119 197 18
67 138 2
141 179 29
82 134 45
46 184 19
60 142 44
116 147 49
159 165 23
28 103 26
35 197 29
71 187 4
35 192 10
29 153 3
70 135 31
41 136 36
67 139 1
35 162 11
123 153 38
66 135 14
106 114 21
68 174 13
75 182 48
43 181 7
74 99 4
73 88 23
36 193 14
3 86 50
13 189 45
49 90 20
22 28 15
16 145 46
63 190 33
20 186 22
47 145 16
96 156 45
5 142 23
7 155 28
61 82 25
68 143 5
101 181 50
10 50 13
39 137 12
14 109 32
27 151 19
27 197 31
135 152 20
37 152 15
181 192 49
113 137 44
78 155 17
45 79 29
67 70 48
31 165 15
5 9 42
4 185 36
48 74 37
76 195 41
26 56 33
24 41 17
2 22 25
153 186 40
19 101 9
85 158 41
13 186 26
40 136 14
84 119 34
23 63 11
109 168 17
48 185 12
79 107 12
50 102 35
63 150 10
88 121 44
8 151 33
49 196 20
49 57 10
91 161 43
8 166 20
149 172 23
81 141 41
32 74 22
81 137 47
74 78 42
69 158 10
45 57 43
5 197 22
168 187 29
44 47 26
159 193 31
35 70 5
124 186 23
64 106 44
19 170 27
2 158 10
80 86 22
26 96 27
119 193 27
105 164 16
91 178 27
27 126 38
52 147 6
38 142 47
8 79 24
12 26 31
70 184 17
89 97 37
60 168 47
38 68 43
35 85 11
59 85 13
106 173 28
59 145 17
19 27 4
133 163 44
91 148 4
106 168 22
3 187 39
158 184 20
79 141 36
119 165 40
64 131 44
86 171 8
134 153 19
108 120 38
76 115 22
110 136 18
41 113 35
29 84 5
78 174 17
70 83 40
57 185 50
44 78 45
143 169 22
35 173 3
79 142 36
106 161 1
31 183 16
21 189 35
64 128 43
65 137 40
123 142 5
37 70 13
10 115 3
4 102 2
24 115 31
16 121 26
118 158 11
77 150 17
59 139 2
85 125 19
61 186 40
42 122 47
148 191 8
59 136 9
139 179 26
15 152 4
36 114 45
51 61 40
98 146 34
90 134 15
79 111 13
47 197 3
14 58 29
76 157 20
70 197 35
95 184 22
90 138 1
53 154 41
7 194 8
99 145 1
187 194 20
52 185 7
60 124 15
13 142 40
13 72 47
44 82 49
125 197 11
70 121 24
31 143 41
131 196 3
16 161 20
28 180 8
136 178 3
19 135 4
22 191 43
53 149 16
21 108 11
16 127 4
44 71 43
64 69 15
74 98 37
42 200 30
128 198 6
187 191 32
28 102 11
53 134 14
32 157 46
35 155 11
18 24 23
87 153 5
52 105 50
68 184 32
49 54 41
85 91 21
83 165 26
150 188 38
69 143 47
36 122 23
20 133 7
64 162 36
16 66 15
138 191 49
181 182 17
66 123 45
77 119 31
52 114 22
109 116 27
54 67 46
144 185 38
120 138 31
51 82 26
10 116 47
81 97 12
138 148 14
27 43 47
59 79 50
17 132 34
7 103 25
21 169 35
4 188 42
165 167 36
100 102 46
140 195 21
137 164 49
7 41 40
42 117 19
124 126 43
4 59 44
45 136 24
137 138 25
4 121 29
14 62 34
8 116 15
6 184 8
27 169 21
2 65 10
37 95 34
147 186 13
7 12 17
28 140 7
39 59 49
131 137 10
49 159 8
93 133 1
64 103 22
103 133 15
157 189 13
109 125 27
49 136 5
91 160 35
124 173 23
171 176 33
50 134 44
57 143 10
165 193 46
44 46 12
24 124 14
142 162 21
103 119 32
43 71 27
82 179 14
44 67 30
16 170 31
18 79 8
72 148 2
63 111 22
71 102 33
1 30 13
33 105 16
121 131 9
38 185 17
95 97 9
47 175 38
16 57 40
35 145 22
24 57 26
99 149 43
8 168 27
59 111 38
74 118 35
6 193 14
85 164 34
105 142 28
134 194 8
42 168 50
27 34 47
78 148 24
50 95 14
65 199 39
49 128 7
48 136 29
111 117 28
112 166 36
15 62 50
2 57 16
147 165 26
91 146 14
21 23 47
2 59 17
124 171 25
79 177 25
95 158 9
38 162 16
53 75 21
43 189 32
49 163 42
20 158 48
10 157 30
118 179 30
142 153 36
2 81 40
67 128 42
56 136 4
27 170 19
145 166 18
100 156 41
16 90 48
158 163 5
1 140 16
9 119 43
43 46 17
77 111 15
32 148 34
79 153 14
35 36 20
159 177 4
21 72 43
74 85 25
76 83 22
14 173 39
98 152 15
14 120 31
49 100 39
63 102 45
104 115 4
11 158 40
49 115 27
41 175 23
61 75 26
53 59 43
96 192 12
80 85 28
78 124 10
18 19 10
163 200 7
149 164 49
26 150 10
8 147 35
103 195 22
14 78 45
115 168 46
98 160 50
46 194 50
58 180 50
86 112 38
169 176 46
123 186 6
70 190 22
56 162 28
33 52 44
152 196 25
34 90 41
15 166 15
133 195 9
43 58 27
195 196 3
48 172 43
81 157 28
7 192 27
124 125 8
6 69 35
44 116 1
87 91 10
20 110 38
91 126 12
23 152 39
50 149 15
13 73 47
68 196 31
56 144 27
41 58 13
160 172 3
99 165 40
32 115 10
13 122 44
63 120 29
12 182 8
4 81 47
60 67 43
20 165 45
97 107 6
95 102 40
1 119 3
40 138 47
13 34 23
4 107 49
185 197 2
48 108 15
120 155 15
183 186 1
114 120 1
27 85 29
21 34 6
91 155 24
11 104 48
163 195 44
21 131 15
99 193 41
99 112 10
190 194 23
138 196 27
80 91 7
89 193 17
22 47 32
45 80 12
18 65 35
80 145 25
85 115 31
30 67 41
132 199 25
15 148 12
151 188 22
84 88 37
131 200 11
47 76 42
12 57 47
121 122 27
16 179 11
50 180 12
77 89 31
86 189 46
48 127 26
73 93 39
107 162 38
38 193 43
66 136 50
7 119 44
4 68 48
78 137 15
53 93 2
62 114 48
78 145 22
12 115 35
116 182 20
69 147 23
44 169 29
115 129 29
32 72 7
79 190 50
14 153 50
85 174 24
1 63 43
73 184 33
15 95 4
12 88 3
29 105 40
185 192 42
50 124 41
92 93 29
127 150 15
156 169 46
39 68 6
123 173 25
55 56 8
26 183 11
122 143 19
68 133 34
64 187 39
12 102 33
85 169 28
89 106 20
93 135 36
35 139 31
35 89 17
23 147 34
69 95 38
9 111 23
6 49 44
35 126 40
80 193 40
14 20 1
50 85 30
20 125 37
78 139 50
88 167 21
107 128 44
184 189 25
20 48 21
15 110 32
62 127 14
51 70 30
78 91 3
84 147 44
58 80 45
51 105 19
168 184 45
10 186 18
4 97 2
3 78 4
77 131 38
77 139 12
29 62 17
51 76 48
16 20 43
25 175 12
56 147 22
128 194 8
52 99 32
4 142 26
110 199 37
65 138 48
190 195 1
128 145 49
125 163 13
38 61 10
138 174 44
40 58 40
44 45 15
103 186 26
24 81 22
12 135 28
36 184 32
112 163 13
133 171 3
38 166 42
56 86 39
144 194 42
25 186 37
15 179 45
57 67 37
48 140 4
13 140 17
175 187 14
5 158 2
58 136 14
101 164 22
90 98 9
6 116 15
64 109 30
96 99 42
55 185 3
108 136 9
107 164 6
148 150 39
50 154 8
43 69 40
34 137 15
38 79 22
63 194 34
9 94 17
22 168 25
113 175 43
57 92 25
3 63 9
47 188 37
6 143 43
127 130 46
45 198 8
62 164 31
22 31 43
25 48 31
133 134 48
133 135 34
8 47 17
62 155 33
50 98 23
26 166 31
157 187 27
64 183 46
94 175 23
71 179 10
62 104 15
9 158 2
59 140 4
28 186 40
88 192 47
53 57 39
81 118 22
14 41 17
3 186 33
1 45 48
3 45 19
41 79 10
136 154 2
75 165 19
76 104 41
10 37 30
89 187 19
71 81 18
41 96 22
137 153 17
28 184 31
88 150 8
154 182 11
75 197 26
15 72 1
81 120 25
91 139 35
29 155 25
78 189 4
22 43 38
15 146 5
65 148 50
95 135 17
8 95 14
74 178 36
104 151 32
62 86 6
76 148 25
180 187 14
87 161 6
65 86 28
87 141 22
26 41 18
20 73 38
170 192 42
131 143 28
4 36 50
123 183 3
86 113 37
50 146 47
98 139 22
55 94 14
125 143 43
23 51 41
7 92 36
96 154 26
123 138 31
20 51 13
22 183 9
137 142 45
106 188 18
113 127 8
40 188 9
26 131 36
85 166 33
139 186 30
4 61 20
107 120 44
103 115 45
1 139 32
30 179 35
60 152 43
111 127 33
49 61 47
127 164 17
9 40 29
14 18 47
30 62 32
8 76 2
46 91 18
6 140 26
30 165 13
111 187 46
56 132 2
7 129 13
17 194 34
15 142 41
146 159 23
35 131 32
74 133 5
24 120 33
38 121 38
36 103 6
56 113 23
72 169 8
19 128 4
4 78 27
161 175 20
37 157 8
9 196 1
86 158 3
60 105 38
10 158 23
5 88 15
11 97 28
17 146 50
137 185 24
11 34 43
37 134 27
22 36 20
51 153 11
6 29 10
112 119 4
29 144 43
128 150 14
58 70 17
25 81 39
30 66 4
29 58 23
4 17 29
74 81 36
29 186 37
83 159 43
172 177 49
10 112 26
139 160 37
88 165 7
158 174 26
99 115 27
42 106 9
18 73 25
6 60 14
36 77 27
60 137 16
76 86 12
47 69 24
87 92 30
134 152 9
33 65 19
126 173 7
132 155 21
89 173 15
6 18 22
105 114 45
144 190 18
46 118 31
45 56 25
41 115 36
42 165 46
76 164 10
102 195 16
49 158 19
60 155 15
88 122 30
28 40 17
153 155 8
107 119 9
30 143 8
159 174 21
136 161 49
9 96 9
7 11 6
6 100 7
72 140 7
77 197 17
43 48 3
24 73 34
77 163 5
108 159 48
9 154 46
54 140 1
171 184 38
7 140 9
1 196 39
80 105 34
15 190 30
81 105 20
37 98 15
15 35 16
33 132 41
44 180 39
8 65 17
28 38 50
34 168 30
51 189 29
22 179 36
101 141 21
85 197 24
38 161 12
65 167 43
46 64 14
137 189 16
148 190 20
45 135 14
76 106 39
39 152 17
29 180 46
20 58 33
67 88 20
2 183 48
80 163 34
35 167 6
188 189 11
26 34 12
19 24 38
129 152 43
85 111 30
92 108 6
149 199 49
106 178 15
17 123 46
126 133 32
102 133 30
24 114 27
126 137 25
37 198 49
94 116 45
18 45 2
160 183 3
32 110 25
1 11 38
5 49 30
65 119 34
167 185 16
74 124 47
11 38 2
20 61 32
48 78 10
94 118 48
29 114 35
64 77 46
88 131 7
64 124 33
34 155 7
61 140 48
41 152 15
139 161 39
52 132 26
11 142 48
59 69 44
64 138 6
158 191 38
22 159 9
87 181 47
167 186 31
137 148 9
45 98 41
105 137 48
105 151 8
171 193 50
2 151 14
64 78 3
10 197 49
61 113 29
57 81 7
90 133 6
28 189 40
23 30 3
101 133 18
179 181 40
51 182 41
111 120 49
35 151 43
19 159 13
85 109 16
50 174 16
63 135 48
124 132 37
59 75 33
35 143 2
96 107 31
110 173 39
52 170 22
79 194 3
81 187 31
68 191 24
17 176 41
48 129 14
112 196 23
12 61 33
25 47 20
32 109 31
67 71 17
112 136 22
129 199 50
46 74 47
59 99 5
9 38 4
79 135 14
30 89 36
104 131 13
93 160 6
21 101 21
65 149 44
74 180 11
112 113 30
77 144 23
64 90 25
14 118 22
173 194 39
105 121 26
32 62 37
37 51 21
1 33 29
115 186 19
81 193 23
76 167 13
12 36 47
172 200 44
26 54 50
39 107 14
169 179 36
7 30 24
92 121 49
32 122 7
65 133 21
38 196 45
168 188 11
50 189 16
12 134 11
15 117 31
76 116 20
3 197 42
3 133 47
118 146 49
83 147 30
38 157 34
6 145 38
133 143 29
11 172 49
139 147 6
126 170 28
12 161 4
132 154 12
43 134 3
14 151 16
74 129 25
4 122 1
80 180 31
137 197 21
108 123 49
94 115 37
29 132 49
185 191 45
77 79 44
36 41 48
23 56 22
101 185 2
6 128 20
9 135 13
30 197 32
7 154 5
119 139 10
112 164 24
48 83 13
192 199 14
93 109 22
1 85 16
104 169 19
27 30 15
65 67 28
184 198 8
65 163 40
33 156 38
67 80 4
109 120 28
44 48 17
26 48 3
104 199 45
33 89 42
39 80 45
62 79 36
19 56 20
18 120 10
18 40 43
60 74 14
89 100 4
73 175 46
84 125 7
22 76 22
20 151 45
53 197 30
91 185 42
10 15 12
31 55 50
115 164 12
55 159 28
57 105 3
21 182 23
71 189 15
84 102 18
122 139 23
7 59 20
83 119 4
93 140 36
175 198 7
27 127 36
66 84 25
118 180 43
142 173 31
46 156 13
38 124 44
123 131 21
22 107 13
80 120 41
132 198 6
27 191 19
34 167 35
55 126 4
130 173 42
89 175 18
29 90 32
21 199 14
139 200 5
69 165 21
8 22 36
36 158 11
14 97 27
113 115 30
31 105 24
63 172 9
188 199 50
188 195 40
5 60 36
129 170 15
1 163 10
3 66 35
104 168 39
15 91 9
103 131 37
70 76 49
137 179 49
6 15 32
86 96 22
27 94 38
75 152 11
96 145 28
67 105 18
63 123 7
115 197 17
127 146 4
130 167 44
97 175 37
165 200 15
147 169 16
55 183 27
54 69 9
11 147 8
15 111 38
31 193 5
25 122 18
10 184 24
102 111 8
65 195 7
80 142 33
125 191 24
78 169 50
9 55 25
119 164 33
58 122 5
10 183 16
129 189 20
120 139 18
98 159 19
16 37 11
46 155 10
25 152 19
35 128 42
143 179 44
127 159 15
118 186 18
95 114 31
115 181 16
84 169 42
144 174 41
172 182 1
34 128 49
19 183 50
165 170 17
17 183 13
94 101 32
35 84 42
110 170 14
27 101 28
51 84 44
191 198 28
180 190 33
96 171 16
106 108 4
95 191 47
120 169 38
9 103 24
148 184 7
25 148 17
23 190 2
77 123 7
70 118 1
4 82 7
160 175 41
111 125 23
18 89 49
7 77 25
131 151 13
109 114 49
49 106 38
112 185 46
104 127 26
94 132 47
48 161 50
12 63 41
37 48 16
19 29 15
92 106 8
50 87 34
71 133 24
149 166 3
11 19 21
86 121 40
102 105 32
158 179 38
56 64 4
80 128 8
14 105 34
51 117 22
27 84 37
132 142 10
11 128 39
79 116 29
32 140 2
22 164 18
78 134 12
11 40 25
26 82 33
21 24 37
169 175 31
42 56 38
156 190 18
85 161 25
24 157 18
60 70 38
57 141 21
53 111 23
108 160 9
15 198 44
2 98 45
26 146 11
49 143 22
30 192 26
52 146 36
24 52 46
134 174 49
129 160 10
129 143 13
114 132 7
17 193 44
73 80 25
10 172 50
4 33 15
158 177 16
2 41 7
88 95 2
86 102 34
14 32 42
141 161 6
39 140 38
33 150 13
152 192 29
35 198 23
87 172 16
21 58 8
18 122 44
147 196 33
114 148 9
146 196 35
2 126 49
46 81 3
21 27 3
56 140 33
26 89 36
17 69 16
66 87 7
29 35 29
60 130 14
3 137 2
58 178 15
8 198 21
52 87 15
13 111 3
119 182 7
44 162 22
133 164 33
13 121 40
67 148 22
2 10 6
127 128 42
3 160 12
22 145 27
38 170 17
53 131 23
12 157 30
25 72 49
130 145 35
26 52 9
23 73 19
5 152 45
87 132 18
15 175 42
36 147 48
159 163 30
40 119 25
67 124 21
129 167 50
71 196 1
64 160 17
40 88 14
59 97 45
58 196 10
18 112 5
170 184 31
20 33 19
79 112 26
31 194 37
37 67 1
21 120 23
70 138 38
29 115 4
31 155 35
83 187 38
9 83 22
12 48 20
48 57 41
1 74 48
32 36 32
51 63 17
4 137 4
156 170 38
5 139 42
10 185 42
122 186 24
28 79 36
36 168 26
134 181 11
11 61 35
142 186 19
96 142 25
29 181 46
24 104 27
69 193 20
51 150 29
60 117 18
147 172 38
51 53 15
142 185 7
40 59 36
136 139 41
60 87 3
122 178 11
16 67 44
18 109 30
20 57 33
171 200 16
103 163 46
14 76 45
175 179 38
167 172 19
120 189 6
52 76 16
44 113 32
22 125 49
43 191 16
43 199 21
96 172 24
38 64 9
9 136 10
72 122 36
144 157 11
159 195 29
136 148 22
147 183 21
90 139 4
126 139 25
53 180 3
120 137 15
21 86 41
28 113 16
96 194 12
105 139 16
93 170 25
136 179 5
41 84 10
23 35 14
26 170 8
57 65 27
67 122 30
85 136 14
169 180 24
156 159 26
29 138 37
159 169 46
135 174 6
28 36 19
84 137 24
168 182 17
6 88 17
50 111 30
5 35 7
23 171 45
92 135 29
110 192 30
62 76 10
151 177 10
16 94 29
10 124 22
115 179 8
114 193 14
6 198 20
168 181 15
74 173 50
128 177 49
16 23 20
21 99 29
33 173 1
101 199 26
69 184 30
88 196 27
5 134 9
18 25 19
78 160 13
131 173 10
102 181 40
154 175 25
40 154 25
91 99 42
7 151 31
99 189 36
158 164 46
61 155 33
37 138 11
48 87 44
25 173 10
4 100 40
144 189 16
22 75 7
133 140 15
59 62 49
68 103 49
28 137 25
28 147 28
48 66 44
22 105 43
41 146 25
122 197 4
92 132 14
55 182 43
40 109 22
19 121 19
10 45 4
8 174 4
79 150 28
28 119 8
9 186 11
76 192 32
8 189 30
127 182 42
82 140 43
54 74 48
140 200 9
35 49 11
13 70 26
84 122 48
8 18 43
101 151 11
16 50 33
46 117 31
110 178 9
128 179 32
145 199 39
69 179 8
95 113 39
7 200 48
96 103 41
20 124 39
68 185 13
44 73 45
31 124 13
71 72 7
77 108 41
26 119 14
93 188 35
38 87 33
57 69 15
30 108 14
25 169 28
1 67 12
21 85 20
174 180 19
29 41 48
108 158 10
110 154 12
60 156 33
35 102 12
57 167 47
41 49 29
47 65 3
139 150 13
165 188 41
48 174 32
63 124 49
85 196 9
20 200 9
113 138 36
25 168 31
191 192 16
66 151 42
40 126 22
58 161 26
120 171 38
54 123 39
83 97 2
65 100 37
52 165 45
53 55 40
11 181 49
81 83 40
153 178 19
97 174 47
70 179 49
86 164 13
91 113 18
50 145 13
32 49 20
37 56 1
33 104 9
31 198 37
11 76 32
40 66 36
89 107 27
86 149 50
52 179 22
14 60 7
117 157 47
77 94 15
66 103 50
101 166 36
114 161 6
82 83 1
29 113 4
17 102 9
134 147 40
111 154 25
163 196 27
95 153 4
120 190 17
140 181 49
168 175 49
17 153 29
44 56 22
128 193 20
10 176 24
95 197 3
8 154 46
23 116 46
51 120 23
144 182 25
186 191 3
61 73 15
114 187 25
7 71 25
134 187 34
163 192 3
1 186 29
44 167 33
7 74 1
116 188 22
64 108 36
24 193 46
70 75 11
116 163 31
168 172 29
27 199 47
49 109 37
92 109 45
74 131 13
153 174 47
20 142 20
175 195 37
142 194 20
70 153 38
15 196 29
12 163 31
157 195 3
27 145 48
98 136 18
11 96 23
102 134 8
128 174 47
152 200 3
9 183 13
18 21 32
106 181 45
58 175 43
64 66 36
81 130 14
55 189 15
1 146 32
125 127 11
26 64 17
6 147 44
81 156 10
13 163 14
37 75 33
91 170 13
148 182 19
31 115 12
21 68 8
2 34 43
85 185 8
130 152 5
131 147 27
70 114 16
25 120 33
11 53 7
32 57 30
1 174 9
94 146 42
95 132 16
4 108 29
44 147 31
135 169 5
8 172 45
125 135 15
5 187 32
32 182 38
151 155 30
23 66 27
165 176 47
109 185 41
41 191 47
11 137 6
10 80 50
46 53 36
1 3 35
132 166 9
102 135 9
119 186 5
16 43 44
12 180 15
116 145 38
109 149 48
97 196 34
57 189 34
68 105 14
113 171 46
44 192 7
17 70 21
32 95 17
18 133 4
3 23 47
22 72 11
10 135 30
92 194 4
31 121 21
34 100 9
105 154 36
94 148 11
5 66 21
5 179 17
174 198 46
74 167 23
78 80 7
60 115 14
84 148 45
91 156 8
2 145 3
18 121 38
7 123 16
28 55 27
75 178 13
14 55 35
165 190 41
57 198 46
44 99 7
5 65 10
11 182 6
136 177 23
32 185 7
33 77 42
126 175 1
112 159 14
9 192 42
52 194 3
38 137 47
97 115 6
28 120 5
81 176 8
50 181 23
92 119 23
34 73 43
15 96 25
46 65 6
31 120 7
96 193 39
2 12 39
147 154 14
89 176 50
47 49 17
6 81 40
70 82 26
23 34 32
62 189 47
77 127 24
1 178 44
92 198 21
16 95 9
62 150 36
65 153 9
43 64 42
36 200 19
3 8 44
43 74 33
18 101 38
45 166 47
144 155 47
88 179 27
25 90 14
20 23 33
161 171 25
96 198 43
72 135 41
82 128 19
97 186 3
30 56 42
103 178 31
58 174 30
63 103 10
11 144 28
85 88 44
60 133 21
20 129 17
81 82 13
89 172 37
121 192 45
17 62 16
27 98 31
100 177 9
178 198 42
145 195 40
109 199 20
136 156 18
99 163 15
127 131 24
145 177 49
181 197 42
60 77 28
35 41 9
137 184 50
26 100 33
125 161 21
174 199 26
97 160 1
132 167 41
42 45 33
142 182 22
188 191 3
5 8 28
116 181 23
2 152 34
27 60 2
119 138 13
103 122 1
83 173 5
6 23 25
62 154 27
86 91 6
9 126 46
35 109 46
118 176 48
89 116 29
171 185 6
18 111 42
123 181 38
62 176 50
148 176 31
6 70 8
31 172 25
14 177 28
91 197 30
4 79 23
115 158 1
176 186 33
129 196 11
120 134 7
52 137 44
157 168 14
21 106 1
77 93 3
20 100 19
47 57 44
78 158 34
135 182 1
146 156 29
155 165 47
102 110 12
174 196 39
97 113 29
137 147 2
122 168 30
130 162 47
14 64 30
73 152 45
35 56 4
98 175 43
56 77 16
49 193 1
29 171 49
32 164 42
12 130 1
54 185 37
69 128 37
135 168 35
108 115 14
64 72 31
42 85 18
63 64 30
16 91 43
89 190 33
83 106 31
134 146 10
43 99 11
38 171 5
13 71 1
56 84 31
8 146 3
19 198 48
87 191 24
56 107 23
108 124 43
39 66 26
13 21 34
18 92 26
59 102 50
102 136 31
67 86 23
162 170 45
70 191 5
144 145 18
49 130 33
30 96 36
79 173 4
94 129 42
118 189 40
143 171 34
150 163 36
84 150 49
20 144 39
3 68 46
101 144 13
12 40 16
62 153 28
12 79 22
132 151 2
21 38 40
39 102 40
15 118 39
115 118 8
5 103 16
197 198 32
155 182 12
61 157 40
16 158 29
3 138 24
10 110 35
36 107 47
34 124 26
56 97 50
98 148 22
91 181 36
3 95 11
54 156 37
65 158 14
84 163 28
60 79 1
75 173 7
66 73 28
43 66 7
35 138 27
13 179 16
17 122 24
112 189 16
8 153 3
131 190 19
81 199 20
21 100 7
65 82 34
52 95 23
88 191 47
55 87 44
91 130 22
111 123 23
103 162 37
105 168 30
12 13 33
105 166 23
49 167 20
27 200 50
3 70 17
77 130 45
164 195 21
8 72 17
13 74 10
157 158 40
79 167 45
133 180 30
31 102 50
163 190 9
38 83 1
36 102 30
69 120 21
46 67 12
52 96 10
12 30 10
16 130 41
91 179 19
59 114 31
67 178 45
137 177 31
59 121 49
87 122 44
106 169 17
126 151 50
54 63 4
65 198 39
100 149 40
102 143 38
29 64 7
57 135 30
162 193 30
65 116 44
95 103 6
46 175 43
102 170 38
66 157 1
58 195 38
56 82 24
97 195 11
20 74 12
115 192 35
33 128 30
111 170 32
62 111 35
52 84 12
19 93 31
154 197 22
158 190 13
11 26 15
85 105 35
11 84 48
113 199 7
35 98 5
15 200 37
134 161 49
10 43 48
62 93 46
33 121 5
66 147 23
53 147 25
56 131 29
15 163 47
5 144 47
31 112 11
179 183 27
23 122 32
86 105 49
102 184 25
83 122 12
111 115 44
83 88 16
36 81 50
31 46 37
47 138 50
23 50 15
44 183 23
67 114 25
19 155 17
137 198 1
23 112 20
132 147 14
50 99 3
35 174 25
6 182 38
100 190 49
10 21 22
88 184 38
33 158 39
176 194 45
67 91 17
6 28 11
34 109 39
99 191 13
106 183 27
114 177 35
126 143 50
3 161 34
2 191 24
2 107 43
40 43 23
9 176 10
32 200 49
97 183 33
19 193 4
61 127 44
37 155 1
67 74 22
94 143 50
89 108 6
80 156 35
21 46 12
124 142 26
11 91 23
52 182 30
76 138 47
66 94 2
104 164 11
149 165 21
48 151 15
127 136 23
127 134 17
18 119 34
18 127 1
38 103 35
77 88 3
45 170 18
69 160 26
143 176 24
60 149 44
132 168 45
29 119 24
37 53 21
105 106 11
66 176 26
74 165 12
150 151 28
133 148 4
131 197 20
71 121 31
135 147 26
176 179 24
92 156 46
6 176 12
86 100 4
109 188 29
5 159 27
39 200 20
64 91 24
55 165 26
39 179 49
19 30 49
120 193 4
14 110 46
91 138 39
40 77 23
71 112 50
98 124 48
102 147 6
40 146 38
140 165 23
24 187 36
56 130 46
54 174 3
39 51 13
72 158 7
137 192 17
140 166 14
139 177 38
28 165 25
50 186 5
36 144 31
22 177 7
128 139 36
24 131 7
64 199 44
50 168 28
93 115 35
15 123 30
27 118 30
170 185 33
39 105 34
100 112 16
61 173 27
162 176 28
31 68 5
38 181 43
76 98 12
48 158 13
68 172 38
73 94 14
96 97 11
60 200 41
106 109 16
74 82 18
87 113 39
51 110 50
42 105 8
70 107 47
32 69 47
61 152 14
159 191 26
32 137 47
93 194 13
121 167 16
84 177 25
140 155 22
139 199 6
63 183 20
2 69 28
82 152 6
67 175 45
60 91 44
72 191 12
80 182 50
41 46 9
46 164 45
83 136 5
39 98 49
52 172 15
53 69 9
149 185 33
95 175 16
117 194 22
151 183 38
99 176 22
105 140 46
44 100 29
22 62 42
28 88 18
25 31 25
4 13 27
80 81 24
8 125 34
41 130 16
137 144 12
95 160 36
17 40 19
90 148 49
46 107 34
21 94 17
182 200 3
7 148 47
14 89 16
122 184 44
7 133 4
37 143 42
66 168 6
70 172 41
128 189 4
4 6 22
46 141 27
87 156 35
87 183 25
40 157 31
55 191 27
147 173 41
177 199 29
34 190 29
83 146 6
25 195 24
105 165 44
75 92 47
146 199 32
80 157 43
31 174 44
32 163 38
84 85 44
4 14 7
8 175 49
50 105 43
6 161 10
89 168 34
19 116 12
24 102 2
47 200 35
87 186 12
42 179 36
78 116 46
104 114 6
37 176 15
40 105 20
17 187 5
40 179 41
136 146 7
97 159 10
97 119 26
150 186 27
108 173 38
18 188 2
70 193 43
31 186 28
160 190 28
87 192 44
20 191 19
18 53 13
4 22 1
12 122 40
70 79 36
155 172 38
54 199 26
49 162 37
28 150 9
33 79 43
177 198 45
104 171 7
78 96 40
112 160 48
36 112 12
44 60 2
23 94 39
128 200 34
144 198 39
117 185 8
15 85 4
6 90 14
134 150 14
85 194 38
62 177 24
30 53 4
17 118 1
122 147 43
55 88 14
22 161 33
103 114 8
100 133 48
13 148 25
50 153 9
137 143 28
1 5 41
9 54 47
138 152 34
113 183 12
4 171 42
101 193 42
82 163 33
43 118 11
100 187 7
4 55 11
108 127 32
16 141 2
39 142 36
91 125 34
31 190 10
32 60 33
37 168 4
154 199 41
35 46 21
166 193 17
119 150 38
118 174 3
79 198 18
137 176 44
28 143 38
16 115 30
65 120 9
55 195 23
16 148 28
2 110 9
3 96 30
53 81 22
26 67 5
3 74 19
89 178 28
92 122 27
82 132 21
4 186 44
56 188 34
165 174 30
21 69 9
37 171 29
45 152 40
7 20 45
156 166 34
83 148 22
142 171 35
76 121 35
144 180 42
33 101 26
116 158 19
13 174 15
166 169 39
53 159 36
33 109 39
45 138 43
5 172 35
178 185 8
128 137 30
30 118 50
131 187 38
95 118 7
48 184 46
149 198 41
67 136 16
45 105 21
132 162 3
39 86 50
1 109 8
82 86 9
34 180 16
145 163 47
29 81 11
5 13 40
154 196 4
68 69 1
59 127 15
22 194 20
30 188 42
36 131 15
167 196 7
62 102 48
181 198 28
125 189 35
94 131 5
25 51 48
33 160 6
38 143 12
71 147 1
97 123 18
14 165 43
85 163 38
40 89 37
86 172 37
118 125 6
48 100 6
60 143 31
187 189 49
4 15 16
75 107 9
112 171 34
136 173 8
117 134 32
67 77 34
16 98 26
31 109 48
29 83 46
9 44 30
114 116 50
63 177 11
2 141 9
20 181 48
174 188 40
4 135 36
8 107 47
157 193 50
12 127 13
1 31 1
43 61 6
81 145 46
10 117 18
63 101 11
5 52 37
1 143 45
11 200 4
132 140 26
32 133 10
19 164 18
53 162 11
38 158 16
44 86 9
52 78 13
80 170 12
126 181 41
105 153 49
3 76 24
63 159 9
42 198 44
63 187 43
77 154 6
69 97 47
56 161 36
108 119 38
6 7 46
61 171 30
84 185 21
16 156 15
87 133 17
71 200 10
69 73 14
142 170 45
135 177 33
107 174 28
58 133 27
9 72 26
8 121 41
81 148 29
130 170 23
122 200 26
18 34 27
96 130 28
49 121 47
70 113 33
103 179 20
157 177 46
84 111 19
71 98 23
6 96 48
12 132 20
113 134 43
119 179 34
52 57 43
71 106 10
55 154 17
143 164 4
8 37 15
33 151 8
83 185 28
58 121 30
8 199 23
7 67 4
119 148 5
67 68 10
95 188 31
9 39 21
1 73 24
70 166 4
145 170 20
76 77 19
34 115 37
78 179 45
51 58 8
23 91 10
27 186 31
160 192 49
125 174 29
60 178 47
59 188 2
14 144 7
28 136 20
41 151 18
30 122 35
40 129 40
101 189 47
86 198 29
32 102 37
33 45 31
139 164 19
63 167 40
68 200 42
14 142 38
26 44 13
91 158 32
179 198 20
9 173 41
3 64 44
78 190 48
76 81 20
59 129 9
73 174 31
15 84 20
139 180 35
52 169 25
71 150 16
112 149 47
81 190 3
97 140 3
143 188 46
19 92 33
38 76 19
93 129 6
153 163 22
34 184 45
54 161 26
30 47 4
181 183 2
78 110 37
106 200 14
54 164 18
141 160 6
22 118 34
188 196 2
71 198 38
32 147 9
136 157 38
27 53 1
89 183 27
66 172 5
170 174 30
29 139 8
10 81 39
63 149 41
16 21 13
123 165 38
64 102 4
22 55 40
45 85 30
85 93 14
2 162 35
113 195 20
15 108 26
60 86 7
149 183 8
86 103 1
34 81 14
150 187 46
55 116 18
74 104 9
39 83 24
81 147 21
72 118 11
93 120 1
78 126 8
18 41 7
5 114 38
12 59 2
79 89 48
48 177 26
131 191 10
40 99 46
141 168 30
19 33 24
188 197 22
83 175 44
20 138 38
13 143 26
2 31 10
51 178 22
164 190 9
103 194 38
8 137 39
77 151 45
125 175 48
67 116 50
66 197 43
53 198 31
195 199 32
30 130 7
9 80 38
77 164 5
24 172 40
11 186 3
101 200 2
138 184 4
43 192 7
19 180 23
26 107 36
139 149 12
131 182 41
27 164 3
29 98 8
160 170 6
38 160 42
25 128 25
43 149 25
55 176 10
16 132 1
41 60 6
41 178 4
136 181 42
5 143 10
137 174 37
91 114 3
67 93 1
103 172 13
37 44 18
9 79 35
71 170 21
28 158 33
71 160 17
142 200 16
26 153 28
69 125 26
56 117 36
92 136 38
76 146 6
23 123 1
2 102 9
158 199 16
4 12 44
121 159 7
107 193 42
10 38 30
143 161 49
6 82 19
60 93 41
142 151 49
38 77 28
33 73 28
2 140 1
48 114 31
150 193 24
14 87 12
92 149 41
19 106 10
64 147 50
53 132 46
68 161 29
7 104 39
107 168 18
15 32 26
82 178 29
64 174 23
36 53 37
26 180 1
29 100 16
21 121 40
39 74 14
42 149 18
27 40 12
31 36 1
141 174 48
174 176 11
16 63 19
61 137 18
90 105 38
123 136 42
38 128 46
163 181 14
27 135 17
58 95 13
121 134 47
87 98 21
57 156 24
15 52 19
13 88 21
64 139 33
19 171 32
29 158 17
75 125 43
65 164 18
6 93 44
102 115 4
15 24 44
102 192 28
29 99 1
160 171 11
129 131 47
13 112 10
77 143 10
48 71 15
60 119 10
17 161 31
136 190 6
169 189 44
23 81 2
2 20 7
16 138 24
39 116 39
3 85 37
166 187 11
25 115 25
64 75 9
176 182 6
86 181 15
87 111 7
60 81 17
24 109 23
116 126 23
98 178 32
52 110 47
63 104 35
24 30 38
81 89 44
24 103 50
112 123 44
32 53 2
18 36 3
54 137 11
125 171 10
90 96 46
138 186 24
25 46 14
79 125 28
9 75 37
43 200 22
26 30 36
106 116 28
185 186 21
57 59 30
68 150 8
75 120 40
93 150 41
88 128 17
91 154 27
2 174 27
89 196 42
24 185 37
13 104 30
2 144 48
28 52 33
98 113 19
64 165 41
110 134 24
20 157 37
48 54 48
127 155 8
182 196 44
127 129 42
25 85 34
47 130 43
59 147 33
64 154 32
94 139 13
174 182 42
1 181 34
14 143 6
33 164 38
39 111 34
79 166 6
41 183 11
46 133 46
40 113 5
132 136 28
35 199 33
23 98 19
124 193 32
22 96 24
46 166 12
18 180 47
39 157 30
74 183 18
130 189 35
51 194 22
13 195 3
165 181 10
25 185 38
106 193 5
88 89 8
33 61 23
13 200 16
153 181 43
23 60 11
70 91 26
76 90 48
100 176 40
92 116 17
78 151 37
91 150 5
64 188 37
3 61 43
8 184 18
13 164 27
72 87 32
34 148 41
31 184 22
35 150 48
12 56 25
176 196 37
51 162 26
76 93 47
31 130 4
95 193 47
50 82 36
40 186 22
78 103 29
56 75 8
78 88 2
5 112 34
31 162 46
63 66 47
139 191 15
41 90 33
112 174 1
59 187 23
83 161 25
140 146 30
3 71 2
33 154 49
41 171 34
120 156 29
11 15 12
115 157 24
75 156 21
2 108 5
98 116 47
95 140 2
17 162 11
4 47 17
15 93 13
36 146 42
40 159 35
46 137 45
53 174 5
24 126 3
19 91 30
16 134 34
48 192 23
34 71 33
19 137 31
83 200 2
57 58 30
31 127 47
97 193 41
128 163 26
112 195 16
12 174 23
39 53 10
44 55 50
139 193 41
168 180 11
10 147 36
62 122 37
53 172 41
126 164 27
162 196 38
151 181 35
79 80 39
143 155 50
122 176 42
51 149 32
114 189 8
12 168 2
106 176 42
78 131 39
50 125 38
42 170 3
29 169 34
92 117 18
47 189 18
116 133 15
59 183 9
114 192 15
62 140 46
7 68 46
31 200 50
122 159 26
22 155 20
34 99 44
90 92 50
1 10 26
18 61 41
119 146 6
114 133 48
41 118 34
111 184 47
45 93 30
66 113 18
41 91 27
5 10 16
61 109 5
24 199 12
157 165 5
97 126 25
141 181 49
143 183 31
58 69 48
136 197 36
65 169 36
29 149 21
94 156 43
67 180 23
161 192 16
9 171 50
47 88 24
19 83 32
27 45 8
135 165 5
31 62 22
69 119 34
85 119 9
67 110 37
177 187 21
30 84 44
31 101 15
120 122 45
123 175 38
111 195 27
66 67 1
48 200 45
126 163 16
31 100 9
12 149 33
49 116 7
89 119 34
58 120 8
175 184 49
27 183 37
75 181 9
109 152 17
36 80 8
139 192 6
61 196 13
134 178 41
29 66 43
33 37 18
32 89 4
111 112 18
135 136 41
136 182 24
28 66 28
42 171 4
31 128 5
38 165 9
99 142 10
30 135 26
84 156 15
58 137 25
99 141 37
12 97 23
31 66 40
39 189 26
147 166 13
9 53 8
29 37 16
38 178 18
57 146 4
19 178 30
60 186 29
30 70 7
114 147 35
52 196 44
110 171 5
25 56 21
26 104 46
49 108 23
30 39 41
154 161 49
17 108 17
14 107 34
136 168 30
59 68 23
38 172 24
34 187 42
34 114 46
17 110 43
9 10 48
52 117 40
25 141 27
79 106 47
84 162 12
28 178 10
106 146 37
4 65 48
23 120 49
29 33 1
45 132 15
153 156 4
78 184 39
148 162 11
46 178 11
76 183 19
48 198 15
39 64 40
7 85 46
65 196 24
75 110 47
175 185 2
65 102 34
128 154 45
7 84 6
28 37 22
144 170 16
2 192 36
18 93 38
131 194 17
29 76 40
6 189 47
58 191 26
24 149 37
174 195 47
23 45 35
42 73 35
19 40 25
70 125 23
3 9 12
9 172 9
90 145 18
90 166 23
28 192 17
21 157 6
44 106 34
5 34 24
32 121 44
38 88 44
23 78 14
53 105 4
65 159 39
16 135 48
32 177 19
55 169 26
186 188 11
91 117 16
113 139 3
84 89 40
127 195 7
80 127 47
39 93 49
47 86 7
64 80 2
107 133 28
34 51 15
59 110 12
34 200 45
66 145 34
130 140 22
104 166 5
65 143 36
7 125 19
178 182 47
38 110 13
48 103 33
20 44 23
74 185 40
104 159 48
20 169 7
13 138 20
75 194 27
60 121 22
177 179 3
30 180 10
52 142 33
88 124 43
47 153 39
24 88 25
116 131 26
12 123 26
25 174 2
60 71 24
96 119 21
119 178 49
174 191 49
41 99 2
63 112 49
6 57 46
16 131 22
87 142 3
32 79 20
31 94 17
143 146 16
132 153 11
104 147 35
59 91 23
124 158 42
104 129 46
42 135 40
44 158 29
5 44 29
2 139 15
33 82 4
29 188 22
173 186 34
112 117 13
6 41 16
9 138 27
108 155 2
88 125 40
165 178 6
41 139 42
163 175 1
32 81 46
1 61 3
59 60 21
155 166 16
40 150 20
63 69 18
97 122 35
34 186 26
98 127 37
150 200 4
102 106 44
117 149 45
47 170 33
73 182 11
113 123 43
37 150 49
44 112 31
7 116 37
72 103 17
73 161 8
60 180 48
180 198 27
64 144 14
23 28 41
2 197 16
107 138 38
37 85 4
169 195 9
171 198 7
91 190 25
178 180 27
22 148 1
25 133 26
27 132 30
72 193 19
22 200 45
75 145 14
57 191 27
75 170 26
70 151 6
133 175 7
146 200 38
23 185 26
88 200 36
96 135 33
20 160 13
45 171 42
125 200 45
103 135 1
68 188 6
3 46 34
39 130 41
91 102 12
104 175 37
95 162 43
136 189 35
3 158 50
26 143 24
24 91 48
44 127 8
80 121 39
2 194 39
6 35 41
22 99 8
150 185 28
67 167 26
70 198 3
142 157 43
16 38 48
166 179 10
15 90 47
1 132 41
47 53 48
98 125 44
26 42 2
4 37 26
128 131 38
102 162 6
3 13 34
60 153 25
50 80 5
14 51 1
102 169 16
146 178 27
37 43 12
163 166 40
146 162 9
60 166 43
18 134 38
33 80 17
44 61 44
111 113 15
88 163 4
11 149 46
93 168 39
132 193 21
190 191 43
137 155 39
173 174 3
12 24 7
145 169 34
35 154 40
81 90 10
20 95 4
29 30 28
19 108 37
8 93 1
113 185 30
21 74 19
100 103 19
68 176 41
47 159 4
11 188 13
41 120 25
43 93 42
15 102 10
56 128 44
7 164 45
16 74 27
71 90 42
108 183 19
26 62 20
127 174 12
77 146 18
93 154 25
105 145 24
26 74 1
163 169 11
58 109 32
31 131 49
122 131 19
86 156 38
104 188 13
68 106 27
185 194 9
1 102 2
7 42 22
59 159 44
159 179 27
53 95 12
40 48 25
91 95 50
107 158 41
43 131 18
60 179 26
60 138 15
83 84 39
105 160 5
68 78 26
140 177 21
15 80 3
29 154 3
69 100 32
21 197 4
3 65 19
29 122 36
60 145 42
102 142 30
10 175 34
120 152 3
34 144 27
121 171 6
89 186 9
157 173 12
33 178 4
115 125 30
126 192 35
113 151 28
28 96 37
40 123 39
26 199 9
27 29 13
21 194 33
49 62 29
25 108 1
66 142 48
83 186 1
109 162 9
14 125 11
92 167 30
79 144 30
8 145 20
95 120 21
146 161 45
104 150 6
27 149 4
44 126 18
4 144 47
84 91 12
118 143 7
12 25 6
71 165 4
49 64 34
67 131 3
33 41 27
165 189 26
171 188 4
13 147 19
33 107 29
63 144 19
42 112 36
67 200 21
19 95 6
14 79 14
73 121 23
22 60 25
139 172 27
43 67 11
138 183 4
27 57 40
75 158 47
143 187 3
128 151 2
98 121 20
60 141 19
38 116 30
37 92 18
10 86 4
99 136 21
87 185 31
9 49 36
75 175 1
32 90 47
54 200 34
94 113 6
155 170 41
89 109 15
92 129 39
47 191 8
15 130 36
104 200 22
74 97 34
84 94 15
175 197 12
1 157 40
13 139 49
10 137 49
22 101 46
68 147 7
3 180 45
116 171 32
32 174 14
43 129 40
41 153 10
191 200 4
170 176 14
18 31 37
56 68 50
10 195 39
54 160 20
31 141 13
40 170 32
97 133 29
41 162 33
73 115 32
49 122 39
59 123 28
10 52 40
10 24 44
30 184 2
45 127 28
58 114 36
12 64 6
2 173 27
155 188 39
27 110 8
17 167 6
100 198 8
162 187 38
43 151 1
18 81 2
60 106 21
125 138 30
33 184 24
41 138 30
37 149 47
124 169 48
8 200 41
55 129 12
10 58 22
51 91 45
58 124 46
105 124 50
26 122 13
44 88 50
42 94 42
143 152 49
54 145 13
54 162 6
17 192 18
194 199 32
85 103 36
41 143 24
106 151 46
127 180 13
49 131 38
51 139 43
20 179 38
92 147 45
3 123 14
95 105 48
17 168 38
129 134 2
41 127 27
28 85 50
84 196 40
146 183 37
102 126 29
16 25 22
23 179 40
39 186 43
117 129 43
47 106 46
131 192 26
44 115 8
93 100 11
41 170 49
11 109 36
42 174 47
12 62 23
6 162 5
6 122 8
71 167 19
122 160 14
96 163 26
27 56 17
6 55 47
90 121 36
157 159 4
156 198 22
56 168 1
69 197 14
33 110 9
19 70 25
67 190 2
193 200 45
63 82 35
17 47 4
108 112 18
134 148 32
54 92 31
177 197 22
35 181 2
107 187 45
6 149 1
173 182 16
106 145 35
35 67 37
111 148 31
58 140 4
17 34 5
39 198 2
23 169 36
83 188 5
153 193 16
70 158 44
33 129 7
166 180 32
116 175 31
65 145 43
34 83 17
47 127 15
48 58 43
37 167 47
21 75 35
57 106 5
30 110 34
9 11 4
176 198 15
169 174 10
90 129 18
24 32 22
48 55 39
74 155 49
56 150 9
37 148 1
18 94 5
110 196 26
62 89 1
55 141 39
29 117 3
50 133 50
158 180 15
8 183 25
148 194 38
28 33 46
107 183 18
62 199 30
112 173 30
84 132 38
7 189 9
63 89 40
123 196 50
27 185 35
38 90 15
176 192 16
106 197 36
37 114 18
69 166 34
117 163 25
105 173 41
3 24 27
161 181 12
156 165 46
65 112 45
196 197 32
73 131 12
146 164 14
1 84 33
128 197 33
83 139 49
140 185 29
126 161 3
74 77 39
32 134 37
36 196 39
61 88 45
176 188 14
60 113 38
171 186 30
155 164 21
8 35 44
31 77 48
177 180 7
27 77 13
93 185 45
23 146 13
57 165 18
36 145 10
138 179 13
112 179 3
29 89 35
190 197 42
142 167 39
16 122 11
23 160 39
12 142 9
49 63 43
13 170 15
38 58 39
71 142 50
26 87 34
58 106 29
31 70 18
2 97 36
13 24 29
78 156 6
12 100 30
71 77 39
30 44 12
26 152 35
35 62 31
167 187 36
113 186 47
7 76 5
62 77 43
50 191 36
9 19 43
159 185 2
107 146 21
50 135 22
54 147 47
20 130 40
70 71 26
69 131 42
3 17 35
20 86 48
2 46 8
2 111 41
35 178 33
38 62 31
103 113 30
19 58 46
45 103 13
123 137 27
40 42 44
55 101 13
18 110 35
162 168 6
20 41 11
9 193 26
163 178 3
118 147 27
44 176 36
1 17 21
4 175 30
82 130 38
81 143 23
120 142 30
1 89 36
68 109 33
49 103 31
66 143 45
9 22 24
115 123 33
11 199 11
58 186 39
32 41 16
7 33 18
82 198 33
15 58 39
43 54 45
84 87 38
61 101 50
40 125 25
143 197 2
2 116 6
11 126 31
116 139 2
28 71 24
25 180 39
140 187 27
138 155 6
21 158 19
80 140 22
72 134 40
122 125 45
103 156 20
102 190 50
132 160 22
27 32 38
100 140 41
141 194 3
154 187 14
46 129 15
7 51 20
37 135 28
183 190 47
110 183 30
44 125 4
36 67 45
139 182 17
79 113 3
3 93 31
27 195 10
24 183 39
56 186 48
108 190 43
73 190 49
14 162 39
13 16 36
23 115 35
151 156 9
143 185 35
84 158 42
3 20 39
93 161 6
80 136 3
45 137 4
66 78 4
61 105 46
140 169 38
37 182 22
109 137 19
23 113 42
145 165 19
70 177 42
27 49 6
54 62 34
162 190 47
24 82 18
55 63 39
34 123 2
127 173 1
14 163 11
81 135 8
39 90 34
71 194 26
40 171 21
2 113 36
138 187 16
109 147 32
168 178 7
2 99 43
86 110 46
74 109 23
71 162 34
26 83 23
30 196 30
19 157 5
60 69 42
76 184 35
142 145 28
100 159 26
65 126 3
122 134 36
109 198 6
3 49 29
80 139 41
53 80 7
87 162 29
33 70 48
160 185 27
19 86 29
57 182 2
61 103 37
125 126 10
42 71 50
8 68 41
58 71 11
36 189 8
12 75 40
15 74 18
124 195 26
32 180 45
56 197 24
17 169 15
173 185 19
78 188 3
57 169 39
61 78 7
34 142 50
89 194 47
22 70 34
35 42 20
39 168 35
142 148 24
53 88 26
46 195 29
59 94 23
75 93 4
99 134 3
49 165 49
53 113 34
75 164 19
5 57 13
135 166 46
130 185 11
9 87 28
38 80 17
22 92 13
64 194 21
148 163 35
92 111 25
55 177 30
55 184 13
3 174 35
43 45 39
142 179 29
152 170 2
67 84 5
4 96 27
26 94 32
48 56 25
63 96 44
7 174 24
98 171 18
71 151 48
56 60 4
28 112 26
35 79 25
39 50 27
20 105 49
144 164 26
56 94 22
2 80 21
12 89 11
94 195 15
139 194 17
77 85 9
38 194 39
164 180 42
39 160 30
16 144 49
135 197 28
93 134 30
49 134 48
60 157 43
142 152 37
48 165 17
112 168 26
56 119 48
101 119 43
100 136 11
3 136 20
14 56 48
12 151 37
157 170 32
43 88 27
72 90 24
134 177 35
111 188 37
18 128 39
170 183 22
70 182 19
74 95 31
15 87 22
104 193 27
115 166 38
32 152 3
145 151 34
4 94 5
81 86 2
102 104 44
16 97 12
39 187 2
138 189 26
110 187 18
20 178 12
91 175 6
4 136 41
102 119 43
133 170 26
127 184 48
48 93 18
55 91 4
148 169 7
10 16 18
10 97 21
77 103 3
181 184 23
19 112 48
74 94 24
74 195 1
47 164 7
110 137 26
46 80 29
81 167 3
51 177 35
136 155 48
150 173 23
67 160 25
1 52 45
49 86 39
68 91 28
89 149 20
1 99 37
160 176 14
189 198 47
95 156 20
170 195 6
58 100 19
85 186 12
72 184 42
33 127 9
12 19 49
41 197 25
55 155 41
28 177 5
121 166 20
1 70 12
3 90 6
124 177 48
54 148 4
10 156 3
104 198 47
68 179 16
67 159 36
57 98 6
40 63 15
54 192 46
37 57 41
40 56 46
34 169 49
58 145 13
4 120 14
36 95 46
16 178 28
11 138 21
43 82 46
170 188 44
18 160 15
103 111 40
29 71 14
69 98 37
79 158 25
31 152 49
88 116 5
191 193 40
104 154 7
50 113 6
54 80 29
63 153 17
96 137 14
44 50 29
86 169 24
58 62 20
170 196 26
80 106 32
121 197 30
37 42 2
95 198 5
38 154 43
92 125 11
68 148 30
32 167 40
47 152 25
84 134 35
154 163 8
124 130 26
71 185 20
36 97 31
44 165 16
57 83 5
63 169 15
7 145 48
8 195 21
93 200 44
37 130 49
40 107 17
76 101 19
153 180 1
28 29 30
36 141 50
113 174 8
59 167 6
68 151 5
5 99 35
155 191 27
57 76 39
64 184 38
55 100 40
51 134 30
72 88 34
70 130 5
156 174 16
107 171 36
2 47 22
35 65 17
124 185 7
7 158 44
48 64 20
108 145 33
20 197 36
101 179 34
147 185 7
80 109 37
84 164 10
36 57 43
54 168 3
3 50 33
13 87 23
44 108 37
20 66 21
67 98 44
59 152 39
54 121 17
111 128 24
36 78 7
68 181 1
73 157 35
106 184 45
30 133 31
4 66 18
6 50 27
56 69 44
55 168 19
123 171 5
61 96 15
120 143 45
27 167 27
21 154 15
75 113 39
36 199 45
109 130 3
150 183 5
150 174 43
58 143 13
99 131 12
135 172 15
41 104 10
16 153 26
120 131 24
99 138 7
95 164 4
21 39 32
5 151 42
107 140 32
105 119 40
27 171 26
47 185 37
53 167 1
119 173 32
40 162 37
80 196 39
21 50 48
7 75 45
4 62 49
7 198 42
10 141 21
76 132 50
30 41 25
32 193 30
27 70 37
32 155 17
28 129 25
54 73 8
104 194 8
132 157 1
97 146 36
15 28 37
56 152 43
32 38 9
3 62 41
65 160 31
89 154 44
176 183 1
97 156 46
68 90 25
32 153 19
20 83 27
137 145 50
117 188 48
28 174 43
75 85 6
84 104 17
162 199 20
68 152 25
132 172 48
180 181 5
37 137 12
23 133 39
7 193 44
28 168 47
82 171 47
20 30 25
18 29 7
103 104 21
77 133 38
37 119 10
12 94 44
155 168 46
42 82 46
119 200 1
8 77 13
60 181 6
40 156 24
48 148 46
63 168 43
8 40 30
29 107 30
131 195 38
25 45 23
115 120 23
29 173 20
59 98 19
131 175 13
126 165 40
45 146 43
109 146 37
5 14 12
98 111 10
55 197 28
53 161 13
99 184 34
125 139 8
45 168 19
18 27 2
92 114 17
116 121 24
32 165 28
35 54 24
73 81 12
42 64 19
26 37 18
156 194 42
4 159 44
128 161 38
83 98 22
49 175 20
120 129 20
111 160 26
102 189 21
30 144 19
58 98 18
68 115 2
85 86 4
55 162 17
7 180 44
54 129 12
17 160 10
94 172 27
1 110 22
139 155 36
108 149 34
81 94 6
29 198 4
95 119 48
4 54 18
44 141 38
26 77 16
173 195 41
58 97 48
54 146 42
13 85 1
136 196 22
39 85 13
71 173 33
148 187 47
117 196 12
24 184 36
125 184 37
49 50 25
18 76 45
9 164 33
144 153 36
98 166 18
141 150 9
118 172 29
30 95 27
139 167 49
39 133 35
88 195 12
101 174 17
12 159 33
72 101 26
72 164 20
153 154 39
133 176 11
14 189 20
26 167 44
39 100 1
46 69 39
15 68 14
5 70 13
91 147 46
6 14 14
16 119 45
112 192 15
20 43 40
52 188 49
70 88 18
59 180 46
25 74 26
20 104 2
13 183 4
127 199 16
29 60 31
26 69 8
34 70 47
127 187 20
105 134 11
64 191 3
11 21 9
51 129 19
55 61 49
73 105 41
42 169 22
142 176 4
30 157 32
57 164 27
110 165 9
129 173 28
25 166 22
75 151 16
137 200 41
136 174 18
76 88 16
177 181 34
74 154 10
7 60 39
89 192 49
49 77 8
73 122 5
93 158 24
115 134 13
108 175 15
66 177 23
2 122 8
34 76 38
9 152 15
74 162 1
19 45 18
4 115 30
79 149 16
99 167 37
49 146 33
80 162 15
34 43 25
71 99 32
116 192 7
80 124 5
17 140 36
159 161 3
43 79 10
97 117 29
148 156 27
60 191 47
53 128 9
10 61 14
17 200 22
169 198 21
60 85 49
98 129 9
117 171 4
26 169 48
43 86 43
80 174 10
2 135 34
121 196 7
82 127 34
63 65 15
22 109 3
78 177 48
116 124 43
148 198 49
12 183 1
39 199 50
36 72 50
89 122 30
64 133 25
104 128 1
67 185 37
92 165 11
23 89 39
58 188 17
17 114 13
97 194 21
83 196 7
40 64 38
31 85 8
14 148 35
11 129 27
53 184 45
97 110 35
73 142 41
6 30 11
51 141 5
34 106 49
150 179 28
55 110 14
85 151 43
126 138 25
3 191 31
144 175 32
72 149 48
55 123 33
50 108 37
24 107 37
54 106 25
35 189 45
129 150 35
96 100 13
108 187 45
29 36 36
13 134 15
45 70 3
9 95 50
79 187 6
51 152 5
7 36 2
141 148 8
26 90 50
64 100 9
35 153 33
60 162 4
75 140 29
167 192 33
124 188 14
172 195 2
35 96 16
104 111 16
115 116 5
49 118 29
22 46 27
133 198 32
28 64 31
33 97 20
71 75 11
76 87 14
62 75 10
83 169 10
96 188 38
25 114 47
50 176 29
75 184 43
52 79 46
99 164 35
129 159 29
40 62 6
70 134 34
5 110 20
38 50 41
82 106 12
6 27 28
112 121 8
62 88 36
106 187 47
74 136 35
21 196 10
86 188 35
65 114 7
98 101 22
65 183 25
22 64 32
39 119 24
6 171 23
107 196 19
24 76 45
44 195 40
9 198 21
7 175 45
120 170 11
123 124 32
87 197 18
73 96 10
131 162 26
34 54 14
25 131 26
11 93 50
30 132 15
27 128 50
110 126 3
47 107 49
87 149 24
56 191 34
78 82 42
59 78 41
102 128 26
62 126 20
64 155 1
88 137 34
56 59 41
71 192 49
37 50 26
57 62 42
147 179 22
119 154 14
129 174 33
103 184 44
10 140 16
42 183 11
95 116 36
49 104 19
93 193 25
11 120 11
57 158 23
42 53 32
43 91 36
74 75 35
28 193 44
54 113 3
185 187 7
20 28 21
41 182 1
35 37 23
104 109 22
53 110 25
69 108 48
66 98 17
103 190 12
39 172 43
59 67 4
62 123 1
35 103 31
90 186 23
97 120 43
79 143 49
16 81 8
5 199 41
7 167 41
21 152 30
73 114 8
129 191 31
126 196 17
86 148 3
20 185 34
2 175 30
4 160 14
104 180 4
3 119 5
176 190 29
77 200 2
1 158 35
59 133 47
52 77 12
23 92 13
144 178 6
41 189 25
51 158 35
153 183 36
135 200 15
104 170 21
46 88 7
53 94 44
34 74 29
38 176 33
172 178 6
3 152 20
13 63 26
136 171 35
157 179 28
7 114 11
50 166 13
51 140 29
58 176 16
116 153 46
125 195 23
133 150 2
144 162 49
44 52 20
3 200 8
119 132 12
44 137 22
140 157 44
83 189 32
101 145 19
8 87 8
9 102 40
48 138 11
161 180 41
55 146 11
88 100 8
29 127 16
45 107 33
179 197 21
34 117 35
8 159 24
11 169 8
94 106 23
52 151 8
23 108 42
82 143 23
88 90 50
67 163 36
59 81 33
86 93 10
48 176 39
4 32 2
27 42 40
72 77 16
30 42 44
26 134 28
12 137 17
45 101 13
112 178 14
7 83 50
38 123 35
148 185 18
8 56 9
1 126 9
24 51 34
142 178 19
93 99 21
58 65 14
23 196 24
7 32 14
95 194 19
117 121 16
143 174 20
10 159 42
19 141 38
57 149 6
54 75 18
94 198 26
69 88 24
30 107 5
105 126 11
36 142 26
63 79 40
35 146 31
34 197 39
158 189 39
80 111 20
74 132 15
20 92 38
178 183 36
18 52 50
24 177 10
29 189 9
73 117 2
123 156 49
144 151 7
43 124 26
132 179 42
106 199 20
15 191 20
102 149 38
155 190 41
12 118 41
134 167 43
62 147 44
93 127 49
10 11 44
140 161 37
118 196 8
33 196 23
39 82 22
83 131 16
11 165 45
33 53 45
90 194 34
47 63 2
173 175 27
4 63 26
67 169 10
3 108 7
5 146 16
95 129 47
81 142 19
41 155 2
27 36 38
48 135 7
84 128 41
71 158 8
96 153 26
36 134 17
16 54 38
44 130 25
90 190 41
184 196 40
103 197 1
107 127 25
3 117 24
120 173 35
147 160 26
8 136 36
46 119 23
170 193 19
68 153 23
87 176 30
100 135 37
53 135 14
6 160 40
53 192 7
64 190 23
19 31 23
101 116 33
21 166 11
41 73 39
55 89 49
142 184 3
40 183 37
71 134 38
99 170 5
60 102 31
53 65 36
43 109 12
140 199 19
72 151 12
114 138 35
77 166 32
17 170 16
16 189 36
48 53 23
105 135 42
80 101 22
13 153 5
3 131 10
11 90 34
119 162 10
5 31 23
21 180 33
165 187 31
40 49 39
107 129 21
177 193 9
149 153 17
74 76 20
174 189 46
87 166 11
25 157 42
134 180 23
115 175 15
74 143 21
29 97 38
78 146 43
45 49 4
7 56 11
55 83 5
89 180 39
123 160 20
31 188 2
107 135 32
19 195 39
102 178 45
10 131 23
28 152 26
153 199 29
122 156 47
62 101 43
29 82 43
35 166 43
133 144 32
35 142 37
146 193 32
33 134 45
13 155 18
59 163 18
79 109 25
23 177 18
33 172 20
9 76 3
18 173 1
101 163 6
37 177 16
50 71 48
54 178 16
93 114 31
113 131 45
39 155 41
131 136 46
25 121 5
80 102 32
41 188 17
131 170 24
16 100 50
52 64 36
115 154 48
34 182 6
79 179 24
49 152 24
34 80 22
185 200 50
91 98 32
36 186 33
120 125 43
29 94 11
90 192 34
137 168 1
14 185 22
10 150 12
10 187 48
66 114 22
125 159 15
77 98 14
18 132 20
103 148 2
23 114 18
14 50 4
113 182 44
27 136 3
96 174 4
61 83 12
109 117 6
15 126 39
31 168 47
63 74 40
117 181 3
93 119 42
184 192 45
112 186 37
66 69 15
132 187 46
153 195 46
10 166 26
17 86 40
44 161 5
102 171 50
43 138 14
125 172 48
73 138 12
43 160 35
58 68 5
73 151 39
29 102 15
13 18 45
35 73 9
71 163 37
118 173 9
6 109 39
112 154 48
38 169 48
16 24 35
46 113 49
5 75 30
17 128 21
49 176 37
96 138 50
46 82 21
88 146 32
10 151 31
144 168 28
142 147 38
14 69 12
113 197 30
97 124 46
138 193 6
62 146 27
25 119 24
43 156 39
68 95 29
13 14 44
94 184 17
87 160 23
77 115 9
76 147 16
136 141 35
134 176 8
111 159 24
44 110 36
49 171 1
147 181 1
32 82 25
6 108 49
154 172 6
78 98 13
106 167 6
115 194 28
102 109 22
104 134 27
77 181 38
164 176 24
96 146 39
62 149 2
44 168 7
117 193 5
87 88 29
88 102 39
51 199 9
48 123 19
75 99 21
24 94 11
144 149 29
41 52 46
52 148 22
76 109 50
62 95 12
106 115 39
21 36 6
34 171 46
11 155 38
40 44 48
8 111 12
96 189 31
144 167 13
2 101 32
43 115 9
51 87 49
52 128 46
115 189 6
95 147 4
70 143 46
97 145 31
24 135 16
55 95 47
30 55 15
27 140 22
14 84 33
106 153 46
10 154 33
121 164 14
56 171 28
33 169 11
4 86 42
72 177 28
104 178 16
171 192 5
127 153 25
70 100 2
2 109 4
2 106 34
165 196 8
82 185 4
26 28 41
71 139 12
92 170 33
41 123 29
145 152 45
7 81 21
98 179 42
126 154 20
62 83 24
79 192 23
49 112 36
13 117 17
8 144 24
86 119 2
59 63 32
156 185 38
63 161 39
38 65 47
158 186 48
161 190 5
68 170 3
78 133 27
109 182 12
121 182 31
176 184 32
146 197 6
58 197 46
47 155 33
16 195 37
44 129 31
21 83 13
40 67 7
36 52 5
38 72 40
132 173 45
97 165 7
39 197 23
126 140 42
141 176 4
17 66 18
47 113 31
24 97 24
25 78 35
13 126 11
169 186 26
22 82 25
15 89 32
54 57 46
105 185 37
36 55 10
150 192 27
75 82 40
84 97 22
150 157 42
45 134 25
108 125 43
22 113 17
149 187 37
83 121 5
42 47 28
64 87 10
149 178 18
53 139 6
86 131 31
64 161 10
4 194 39
50 187 19
46 49 7
20 164 47
16 31 43
107 179 2
6 200 22
12 153 18
152 160 10
35 39 39
10 191 6
74 170 5
118 141 47
4 112 10
122 148 38
36 70 22
190 198 41
74 128 10
135 140 48
6 142 36
141 154 5
64 113 12
85 167 23
90 144 37
68 119 29
92 141 26
30 193 25
82 159 19
70 94 17
140 186 36
62 196 15
53 127 3
65 184 36
99 104 10
9 100 30
108 117 42
52 141 38
12 158 29
110 130 5
114 136 24
23 134 32
31 35 14
24 63 40
68 74 45
16 68 39
127 138 34
116 140 5
67 101 11
50 171 3
83 87 43
59 66 43
48 112 35
122 136 44
146 169 10
166 176 32
43 190 6
46 58 21
13 116 14
32 44 23
161 177 10
89 141 32
119 188 20
34 146 49
2 159 38
91 167 33
81 129 25
21 80 23
27 162 5
47 77 15
144 150 8
30 78 3
110 140 14
26 58 27
5 120 6
88 109 49
46 146 44
186 189 44
9 161 27
151 200 23
91 96 8
17 190 17
21 124 12
25 54 27
13 58 2
92 134 39
103 118 41
25 63 48
48 179 2
113 133 1
23 157 18
58 108 48
35 165 13
99 166 17
75 134 18
17 33 5
138 197 18
36 37 23
61 97 2
36 194 5
16 27 47
8 59 47
129 192 39
100 173 21
20 180 30
49 101 40
30 120 22
96 184 2
41 103 4
88 111 46
59 84 12
29 134 9
32 199 5
147 148 22
111 152 38
73 101 31
37 61 7
39 132 50
33 84 24
52 58 13
89 197 5
7 69 7
142 150 34
95 109 13
1 28 17
37 81 17
118 199 28
37 102 33
49 148 15
111 122 41
3 38 30
77 158 15
137 170 15
81 195 37
22 68 16
96 129 6
46 56 2
18 107 48
59 88 47
58 88 15
7 138 3
97 189 38
12 124 26
95 163 26
110 158 14
72 187 27
70 74 35
18 88 41
61 138 17
55 82 23
36 127 28
146 174 31
83 96 5
131 134 49
32 118 4
103 137 22
6 10 25
28 145 46
62 106 36
36 73 4
36 83 20
76 143 50
34 113 30
82 180 33
13 166 25
70 171 42
41 144 14
132 138 9
87 99 47
122 123 39
55 120 42
89 140 2
76 173 1
139 154 16
155 184 24
75 135 17
88 175 9
113 181 27
3 92 37
52 104 25
26 73 7
22 120 43
36 185 10
4 23 26
139 152 20
109 165 11
95 172 35
157 176 47
150 164 23
85 89 25
117 197 24
95 123 11
32 40 47
131 157 43
176 185 36
61 159 29
94 181 47
78 165 24
122 153 33
13 191 46
50 193 8
54 184 9
30 145 22
31 179 34
19 125 4
65 95 5
90 150 50
31 138 13
155 195 7
91 116 48
136 137 1
9 48 14
50 194 1
38 96 3
78 149 29
105 110 14
94 125 32
49 173 5
77 124 13
45 131 45
58 125 46
39 194 28
37 154 12
20 119 8
51 137 43
102 157 33
17 136 3
59 107 22
118 167 31
103 152 12
24 133 10
103 185 38
101 102 46
30 163 11
14 158 13
134 151 5
62 124 47
27 99 45
108 184 16
80 189 45
8 161 15
6 99 44
115 195 47
181 188 42
84 188 40
8 36 4
111 129 36
37 113 20
58 190 7
61 94 50
54 122 17
115 127 40
20 173 9
57 192 26
58 171 22
192 194 14
187 196 3
89 191 45
112 142 38
129 176 15
60 171 38
55 71 8
76 102 32
26 163 12
25 32 11
5 16 34
167 191 19
186 190 42
43 122 3
64 157 32
102 187 46
114 130 8
104 177 32
51 132 21
5 32 22
13 68 17
47 75 48
94 163 13
153 170 30
163 180 30
93 155 37
76 124 22
4 118 47
52 144 43
44 49 35
116 149 50
66 120 8
84 140 15
61 63 40
92 115 49
70 162 29
122 166 35
123 169 24
93 144 38
122 124 15
134 179 19
3 97 45
111 189 14
68 110 34
18 154 21
135 183 44
163 172 50
19 85 6
65 129 6
86 118 14
50 114 31
144 146 18
19 61 45
98 117 47
99 128 5
87 140 28
15 103 48
75 84 12
6 113 17
32 138 39
18 105 48
13 133 30
152 182 33
114 139 16
97 138 2
66 178 46
24 26 44
160 197 29
76 185 12
165 172 25
100 145 36
121 173 14
6 8 23
14 30 14
24 155 50
111 179 1
41 169 34
20 50 23
130 131 10
44 74 39
1 179 48
37 97 2
94 100 42
58 181 41
27 192 37
55 102 8
21 53 50
82 164 19
77 136 24
3 151 10
58 169 22
165 194 45
32 65 3
53 83 12
31 154 48
10 60 37
25 29 16
37 128 23
110 117 38
44 109 7
46 50 1
100 183 47
12 32 25
4 91 27
81 96 47
136 186 35
70 116 43
20 170 17
23 86 24
132 185 32
120 149 6
117 200 5
107 112 29
41 89 2
135 175 31
22 136 33
47 144 32
35 61 37
54 188 44
77 128 31
113 187 46
118 185 40
1 195 3
41 105 36
5 21 21
139 151 23
132 195 2
110 185 16
176 199 28
35 137 4
120 199 20
140 160 4
155 171 28
87 126 29
153 165 43
27 184 13
15 155 3
78 130 37
86 155 38
168 197 46
36 161 2
15 29 50
155 189 37
3 115 32
91 164 23
88 132 30
51 64 46
158 166 22
26 144 47
125 156 46
154 160 20
42 195 50
144 171 41
97 161 5
57 99 24
96 144 50
11 101 12
30 164 34
40 120 30
115 139 23
166 172 46
47 156 13
107 114 33
44 140 15
86 159 18
90 128 28
7 87 28
109 140 27
76 111 5
17 54 23
100 153 8
128 192 22
37 90 21
99 118 20
1 40 5
135 196 3
44 191 35
67 199 30
153 184 14
52 92 23
1 95 13
143 191 33
104 121 2
59 170 30
18 146 21
65 190 42
71 96 25
185 198 32
63 118 10
91 93 37
122 157 30
42 116 12
65 136 43
24 36 1
72 129 37
15 162 25
39 49 1
8 190 20
38 55 47
24 79 6
93 184 48
102 123 23
124 128 8
108 193 21
35 144 23
3 30 33
12 184 1
3 122 18
176 193 14
130 132 43
178 199 3
109 194 6
6 185 47
68 192 40
95 189 32
119 189 31
35 53 3
73 106 1
83 170 8
1 98 48
1 75 11
12 66 4
25 188 14
95 141 21
52 74 48
107 150 8
189 197 26
59 96 36
24 64 40
115 124 7
124 149 34
12 80 31
61 86 4
26 154 3
27 113 29
3 167 37
59 134 4
28 39 19
4 140 35
59 193 3
19 35 48
62 198 12
89 143 18
91 199 44
18 114 45
45 144 14
58 73 8
84 172 37
42 77 26
73 158 50
65 166 43
112 193 22
38 191 27
59 116 23
67 135 24
21 115 32
49 74 13
72 182 31
4 174 16
113 156 10
147 184 30
144 161 41
3 185 45
16 64 49
136 140 25
42 132 14
4 21 35
33 95 33
14 197 7
148 196 22
2 71 10
33 98 47
69 174 33
155 156 7
11 192 24
97 131 10
103 125 25
12 165 41
23 195 45
59 70 36
121 126 48
21 114 2
6 47 35
187 188 3
57 123 37
4 73 48
23 156 47
117 179 41
90 189 47
126 184 31
62 90 7
80 151 12
49 84 34
113 147 11
23 61 2
104 157 12
41 51 8
76 114 21
66 125 3
136 147 45
134 141 2
41 86 17
128 144 30
68 129 37
79 176 16
12 92 35
71 94 48
11 58 32
153 161 30
146 165 27
32 187 15
96 106 27
16 19 27
29 163 50
3 121 39
44 91 20
21 190 13
128 178 29
11 27 6
107 145 19
10 78 11
70 192 9
148 189 14
102 174 23
42 192 27
36 198 26
11 168 36
18 195 23
19 200 25
78 138 34
10 68 31
27 189 29
7 187 7
114 200 38
125 130 22
4 19 25
94 124 25
12 77 33
33 40 18
61 74 44
47 195 34
88 164 40
56 96 9
51 128 50
89 103 38
90 111 22
99 186 10
122 146 41
28 84 8
179 189 24
16 177 16
82 94 22
44 198 6
89 195 4
54 150 47
101 117 21
118 151 13
15 151 38
109 176 2
42 50 36
3 31 17
119 195 30
104 148 24
75 105 47
91 153 26
133 193 18
30 63 14
65 194 21
14 104 41
63 116 37
104 113 47
1 68 29
166 171 38
49 151 32
98 172 10
76 181 38
68 86 33
30 73 1
166 183 30
125 165 12
35 141 27
97 99 36
17 172 7
99 125 33
56 79 10
4 170 8
57 171 40
84 187 10
18 144 21
175 200 43
69 87 8
124 198 36
9 84 15
72 92 48
144 187 2
98 200 13
169 173 50
78 92 14
160 164 46
21 128 4
107 121 39
36 93 49
1 71 20
42 120 8
48 159 31
83 86 40
15 19 2
70 180 26
90 97 35
80 192 34
16 49 10
104 197 44
5 36 41
97 200 8
49 89 32
113 149 39
3 177 10
20 76 49
71 113 14
73 150 18
7 170 43
94 160 18
167 175 7
45 186 40
8 113 43
72 162 38
164 177 46
81 191 26
150 155 47
87 164 2
148 181 45
9 174 31
33 103 13
30 105 17
75 111 30
10 162 4
89 182 37
80 137 40
159 181 33
61 184 30
49 186 25
18 143 34
44 94 38
89 155 45
75 136 29
140 193 13
30 140 50
107 109 11
18 123 41
58 96 29
38 200 28
175 190 11
62 96 27
116 190 33
107 194 48
28 43 6
96 160 43
50 192 5
160 181 14
1 193 14
47 132 25
113 177 45
92 180 21
11 79 48
17 103 5
17 196 48
40 92 42
181 186 49
94 177 44
11 118 50
25 103 19
156 200 2
34 127 46
74 145 13
4 28 50
42 159 39
25 40 18
11 113 40
133 166 32
108 141 10
37 83 38
128 141 25
138 145 36
146 153 49
94 138 21
108 133 50
64 114 34
54 116 7
155 198 44
141 158 45
26 57 12
111 171 45
98 135 33
86 176 8
148 173 30
168 186 43
7 107 48
48 65 25
147 158 13
15 161 32
114 143 14
74 113 49
59 71 12
30 54 3
15 178 34
33 48 22
92 158 28
62 85 5
90 182 8
1 190 31
141 173 33
23 124 2
76 165 25
31 38 32
109 132 40
55 84 47
15 27 50
71 114 47
6 194 23
14 15 47
111 155 33
51 66 19
86 122 30
130 139 12
102 138 3
44 81 16
100 138 5
67 95 9
45 139 24
68 98 49
34 116 11
83 166 24
7 39 42
135 143 18
106 159 4
88 178 28
33 190 12
25 64 32
47 142 4
27 150 36
16 44 6
2 75 46
51 166 48
35 101 13
51 147 28
84 190 33
96 136 21
34 46 49
12 14 33
104 146 27
31 145 6
133 136 46
111 191 30
23 159 32
9 123 39
68 199 48
46 54 11
59 126 48
76 154 5
71 122 12
105 129 38
22 167 24
74 115 50
78 182 29
60 73 35
52 100 44
63 90 20
16 154 25
7 131 6
187 200 46
166 170 20
20 112 26
127 169 39
39 156 9
56 184 47
8 192 26
16 78 2
9 124 37
45 100 14
7 99 22
104 126 23
93 182 50
22 45 9
90 131 40
60 151 30
110 114 6
3 110 14
14 183 13
96 161 30
25 28 24
69 151 34
87 123 7
92 104 32
33 44 2
103 136 40
51 94 44
172 198 49
55 65 47
66 192 14
2 66 2
96 117 23
10 76 38
27 95 12
31 82 45
46 99 44
13 33 42
142 180 25
29 96 28
95 199 15
55 172 43
113 125 24
116 119 28
13 52 6
30 146 42
137 167 2
38 69 10
107 197 28
139 184 14
16 70 9
47 70 8
108 126 2
56 196 15
48 61 40
168 190 27
9 121 25
71 190 42
136 185 18
30 191 12
23 26 34
64 84 36
102 107 15
66 144 6
76 139 5
59 174 35
93 152 39
151 170 40
150 158 48
134 156 41
21 155 12
13 55 26
113 198 43
65 73 6
82 91 20
166 186 49
31 75 38
54 194 13
62 191 31
72 176 25
2 23 14
2 11 28
102 199 27
42 139 45
14 139 6
111 158 45
34 92 2
26 142 16
34 133 40
33 133 3
48 97 31
90 161 26
95 148 26
26 47 2
107 178 14
2 143 14
2 18 14
19 84 39
96 98 33
31 197 32
62 193 26
50 57 22
46 171 43
131 144 17
3 57 48
96 190 6
117 139 17
44 187 46
18 32 22
48 134 13
49 65 30
14 28 17
63 196 49
25 35 35
1 22 32
70 150 44
88 134 49
99 171 36
28 101 12
86 99 16
116 152 12
29 95 39
72 131 5
34 181 46
63 100 14
14 187 20
57 97 23
8 128 28
56 93 16
2 55 39
141 152 14
30 198 2
136 198 12
117 162 6
8 15 48
125 150 30
7 24 20
121 127 7
71 103 33
26 109 33
161 172 2
13 97 22
115 156 50
103 147 26
28 109 44
7 173 10
57 117 12
1 76 32
75 177 5
96 196 1
68 146 32
62 84 7
76 144 37
35 200 14
73 165 25
15 171 43
91 163 36
77 145 40
12 98 23
118 165 48
50 64 46
92 120 23
95 101 46
54 58 24
22 34 18
45 68 38
6 177 21
89 98 8
81 153 4
95 187 9
173 176 46
141 178 8
103 181 18
163 177 26
63 151 21
7 70 20
76 129 15
110 174 19
99 154 3
100 101 20
57 193 8
4 146 44
39 96 48
7 27 10
169 187 14
7 21 24
111 119 28
120 166 38
43 120 37
158 171 41
126 197 5
48 194 29
140 141 34
122 128 19
130 166 47
9 51 41
1 170 45
61 182 50
153 177 7
49 75 27
10 145 21
16 159 6
26 105 35
14 49 5
10 28 30
164 198 18
5 166 41
85 154 26
15 124 25
37 147 19
123 180 24
137 156 47
143 153 49
168 193 17
173 188 41
18 163 24
34 82 9
37 142 5
55 93 2
37 161 20
142 149 47
22 35 48
157 181 17
24 87 27
82 108 48
2 79 1
13 79 30
60 163 27
12 129 50
156 196 33
89 157 48
60 158 31
64 182 43
20 123 36
73 137 46
59 157 36
13 75 45
49 197 12
154 179 30
1 153 9
38 129 15
41 116 39
61 154 45
59 80 4
80 176 18
55 115 19
80 179 4
42 181 29
16 104 5
6 76 46
37 96 38
10 79 45
99 101 40
27 48 2
54 55 17
149 180 44
48 105 30
8 127 2
13 81 16
47 165 10
8 29 20
45 62 36
27 121 12
64 185 22
43 195 26
67 132 11
41 186 43
124 147 29
66 184 41
18 193 43
57 120 38
4 34 20
105 147 39
53 143 38
113 144 50
41 69 13
124 137 26
84 92 18
28 82 47
183 199 41
54 104 12
27 41 12
34 55 2
24 129 33
112 129 25
62 128 9
1 39 9
4 168 33
28 78 42
1 48 12
74 186 21
7 169 40
94 188 17
24 128 22
14 95 43
91 176 15
81 155 27
4 110 16
21 162 16
111 137 34
46 57 30
71 127 17
85 127 30
120 132 21
109 187 32
24 39 13
153 182 9
33 126 18
157 194 16
51 123 34
33 180 4
21 159 18
17 150 6
119 196 11
186 192 30
16 165 47
10 94 25
41 47 2
15 149 32
29 152 19
13 187 3
132 161 46
33 145 32
45 197 20
20 194 17
46 149 38
138 178 33
3 188 3
51 186 20
4 45 19
69 81 44
27 123 50
2 77 31
19 53 43
20 27 30
108 192 5
23 58 14
128 132 40
4 101 21
20 154 22
17 148 41
162 197 22
7 66 39
9 98 49
38 74 5
52 129 48
12 150 8
4 40 25
31 164 22
26 93 14
67 158 17
59 161 9
29 150 11
25 79 19
112 183 25
20 90 12
74 126 16
16 199 23
86 137 8
103 132 46
41 163 46
91 189 21
45 143 27
161 166 18
88 148 20
18 197 34
81 146 42
12 74 33
50 138 29
114 163 29
51 197 41
24 47 18
42 76 17
55 173 10
2 39 40
54 136 37
83 89 12
133 154 47
64 105 34
48 126 5
46 96 38
27 97 37
70 167 43
134 149 29
23 87 2
156 162 38
50 157 19
5 48 31
158 196 12
72 117 42
31 43 28
129 164 25
38 163 32
32 61 34
91 140 26
25 60 18
49 92 30
45 77 31
75 90 2
79 151 26
37 141 5
19 122 17
81 109 14
71 129 34
18 142 6
107 167 9
85 129 18
83 107 4
2 84 7
21 195 45
39 46 15
111 163 12
16 168 40
47 163 47
77 178 19
65 113 44
12 171 41
90 168 20
75 114 30
100 185 5
145 179 21
29 50 26
154 166 17
8 106 42
19 74 16
134 157 29
94 150 24
24 171 15
161 195 30
16 160 21
47 114 16
67 129 14
18 157 24
67 143 4
100 132 50
75 190 34
120 186 9
5 192 38
4 150 6
62 195 24
35 122 50
94 95 38
126 189 37
33 171 8
53 168 27
101 191 33
47 61 41
3 91 21
29 78 28
24 99 48
78 129 40
94 155 19
173 193 12
60 125 5
178 200 26
13 90 18
31 153 20
2 154 12
40 181 38
68 108 7
69 146 49
148 160 8
3 139 10
18 97 45
24 142 24
38 188 50
2 125 19
43 132 32
81 113 7
108 138 23
158 194 27
4 133 36
79 88 7
26 164 17
48 163 43
18 55 42
12 166 26
26 35 21
34 64 39
24 98 50
106 150 25
90 172 2
5 195 11
38 82 10
7 98 50
38 175 19
44 142 18
88 157 32
57 157 23
9 153 2
141 155 19
80 98 17
11 24 30
40 47 5
129 138 15
146 187 34
8 109 38
11 162 30
7 16 27
61 99 16
52 83 31
81 169 17
54 135 40
20 152 22
41 199 28
43 112 46
31 95 45
178 194 44
19 187 18
59 148 19
158 182 44
67 187 30
15 83 33
55 64 38
100 163 46
41 154 50
2 185 39
5 63 34
145 158 6
80 83 23
22 162 12
30 36 17
76 110 37
64 197 27
34 165 47
50 66 30
101 128 47
2 96 8
1 20 21
162 184 19
45 182 2
77 192 29
31 81 43
50 77 25
71 95 31
98 150 12
163 188 44
142 163 26
49 191 22
24 72 16
56 180 31
50 158 31
82 138 24
47 66 47
63 164 32
33 102 45
60 89 5
44 111 13
81 140 21
66 119 16
97 152 6
41 198 12
14 191 1
66 137 11
72 107 3
56 126 26
95 131 23
121 139 50
31 129 8
56 67 42
42 128 23
54 153 47
149 188 43
151 159 17
120 176 9
28 41 1
138 199 16
94 141 4
61 160 4
42 90 46
28 164 26
30 57 18
41 181 9
20 97 47
18 70 29
103 182 28
135 184 28
74 147 6
10 82 32
52 163 4
109 154 28
104 196 9
99 172 35
108 113 45
102 172 33
51 103 24
7 43 12
110 118 44
26 159 11
123 139 33
38 41 21
183 196 31
12 23 30
16 142 22
17 171 33
121 162 44
26 112 24
25 38 23
18 37 11
42 153 21
107 110 4
29 128 20
90 151 21
28 76 26
89 162 4
42 124 8
70 152 37
10 88 9
44 193 45
156 177 13
89 136 25
1 133 33
34 63 43
24 48 47
59 138 3
31 106 42
88 176 22
72 142 41
9 165 28
115 174 41
145 184 37
14 140 46
28 97 4
28 117 22
3 6 26
120 135 44
19 153 3
126 188 21
168 174 11
1 49 14
92 188 23
93 167 32
50 100 23
57 188 16
14 129 44
134 188 6
36 172 32
77 165 33
85 176 9
11 82 29
78 178 38
54 94 18
63 84 23
14 63 8
109 180 17
109 178 16
24 121 49
29 31 13
108 165 21
104 130 8
12 148 47
23 167 15
1 165 23
46 144 38
66 68 29
68 142 31
7 156 37
14 47 21
15 53 9
65 107 2
23 25 10
178 197 8
143 192 25
135 173 20
93 169 25
25 96 5
51 114 20
101 177 24
33 148 46
72 192 3
29 46 44
63 121 49
74 193 37
36 116 31
166 177 3
18 48 45
29 108 50
21 30 21
97 150 31
9 88 32
41 87 32
28 105 25
60 182 27
72 166 37
126 174 39
20 60 10
41 160 19
48 181 50
110 159 9
75 118 1
119 177 15
84 189 38
91 111 38
70 97 16
74 105 14
74 177 28
64 94 29
23 131 48
51 142 33
32 96 4
61 102 50
33 166 7
172 190 36
55 132 30
88 119 47
74 100 28
100 162 11
90 176 12
116 166 14
32 59 22
39 127 16
73 84 15
112 157 20
5 147 19
68 187 28
91 157 11
23 174 23
59 198 48
3 116 44
41 193 8
67 181 33
158 187 48
10 73 17
36 62 21
2 85 19
87 168 12
28 161 42
48 82 12
27 64 14
56 122 31
69 129 26
92 127 14
8 84 11
75 174 31
121 193 39
46 59 3
42 87 49
17 87 9
133 142 30
17 55 35
109 190 37
109 112 39
168 179 33
24 186 23
100 105 6
33 68 7
161 176 3
13 95 6
66 173 27
3 193 44
48 147 7
23 71 42
67 111 47
61 87 14
54 64 18
67 174 1
93 177 10
51 188 29
8 70 36
2 118 32
41 55 32
62 70 43
61 95 50
66 169 25
29 121 24
37 106 42
86 139 13
59 130 35
129 142 42
11 121 37
101 137 33
137 146 1
128 187 14
16 87 46
4 38 50
70 95 1
22 150 35
17 186 2
51 72 44
10 67 35
36 61 32
40 78 47
36 56 15
13 91 47
14 103 23
71 177 45
19 174 20
109 163 34
127 196 34
20 87 48
14 29 39
57 115 23
58 160 12
150 160 42
9 112 36
80 89 35
41 172 3
132 171 16
27 76 4
40 72 3
41 119 10
43 90 43
20 187 40
155 194 22
175 183 5
91 119 19
161 196 10
7 48 7
21 200 45
48 170 20
82 112 35
65 103 23
89 189 45
31 142 19
83 113 3
62 80 8
39 81 35
51 190 32
32 33 34
41 50 17
22 192 11
18 60 29
2 28 22
37 129 29
13 115 47
65 178 1
41 61 34
124 197 30
49 169 47
99 114 41
43 147 2
22 49 32
24 35 24
152 193 4
109 126 34
89 91 16
75 193 38
15 199 22
11 41 39
152 181 29
33 119 31
92 133 36
59 65 40
18 80 15
1 106 15
119 123 44
19 179 31
56 157 8
55 73 15
87 104 45
10 144 21
177 184 17
89 96 47
151 171 15
50 68 47
6 166 36
131 163 39
139 144 47
30 181 19
88 147 38
33 111 1
52 108 37
31 69 24
128 168 34
135 176 34
181 196 29
70 169 34
82 139 22
5 98 49
20 98 40
24 163 28
185 189 27
110 156 9
83 126 38
151 158 5
73 146 7
47 50 13
10 71 44
11 135 3
126 142 20
52 173 46
21 79 14
50 156 44
5 42 4
119 171 28
86 185 3
149 150 13
107 122 4
34 125 11
119 163 36
21 35 7
81 200 5
32 104 33
4 200 13
32 156 28
2 5 49
78 81 50
115 176 14
20 108 25
37 93 4
17 30 45
153 171 14
39 153 11
141 192 13
132 158 16
90 199 24
4 9 40
71 97 43
111 116 4
133 139 18
3 83 47
62 187 44
41 173 6
100 129 16
13 56 37
107 195 14
116 151 41
22 53 14
86 116 25
32 101 47
6 19 29
26 59 32
100 180 44
16 193 24
98 195 40
76 133 3
48 106 42
40 100 34
40 101 15
71 159 24
123 150 28
98 128 5
22 166 5
47 54 37
2 94 44
116 156 3
115 177 31
57 142 24
68 124 22
36 45 16
14 26 42
59 77 49
96 155 28
37 99 4
20 196 38
17 52 46
127 141 33
67 108 44
160 193 40
96 195 47
5 47 32
15 79 21
83 85 16
158 162 35
99 143 22
79 171 33
46 176 44
40 102 24
122 196 38
36 109 42
49 142 40
128 142 36
18 51 10
52 138 14
89 159 33
148 170 25
75 132 24
36 136 15
49 157 42
120 197 31
66 99 30
44 197 22
164 200 32
114 166 26
16 22 20
67 153 43
55 130 37
14 175 18
25 102 33
17 166 1
33 131 45
57 174 24
2 167 37
177 192 5
26 65 50
90 141 46
77 161 49
35 163 29
107 182 46
75 172 9
114 131 22
53 123 3
76 119 8
37 82 23
97 141 49
38 45 5
7 38 7
42 46 25
129 190 22
154 194 37
115 198 9
57 130 40
4 87 9
93 179 46
10 139 46
139 176 44
178 184 14
75 161 18
90 160 5
59 104 45
27 142 48
93 97 12
7 35 24
134 198 12
16 84 4
163 168 11
54 130 47
28 183 4
69 103 29
20 189 46
48 92 37
8 39 3
112 116 42
182 189 16
63 193 21
72 172 38
119 126 23
34 112 12
51 102 49
110 155 6
140 159 47
94 194 26
164 196 29
119 181 33
148 174 21
71 76 48
45 193 18
183 185 49
8 105 16
129 163 12
70 196 26
6 179 35
20 94 6
107 147 22
118 128 12
3 164 11
4 75 12
18 136 22
14 156 36
44 83 10
124 163 22
2 157 42
5 41 30
26 113 42
58 151 44
102 164 1
42 104 36
129 169 2
32 129 7
25 112 21
121 199 1
92 186 19
71 161 17
48 199 43
117 133 15
180 188 41
34 58 27
110 112 47
111 130 40
87 167 1
33 161 11
56 177 28
109 173 48
42 151 50
1 100 15
94 157 15
167 180 29
57 172 22
168 170 5
88 168 38
79 188 38
163 170 32
27 196 23
64 200 6
15 168 5
79 139 26
185 188 7
5 93 43
90 107 4
87 110 8
39 126 9
117 165 14
85 188 38
115 130 43
128 152 28
110 139 26
82 190 17
2 164 26
39 61 33
7 58 17
78 187 34
57 173 50
36 165 3
146 171 44
76 84 44
40 130 13
5 27 8
98 182 9
64 82 46
23 57 2
82 199 5
49 83 11
3 28 31
111 126 12
114 168 4
144 197 20
69 195 49
134 192 3
21 67 29
23 128 43
10 178 50
140 145 31
74 181 32
49 168 34
118 120 30
35 133 24
43 184 17
33 62 2
50 197 26
99 151 31
154 198 9
52 85 32
114 176 19
35 91 22
102 182 49
58 155 47
114 119 49
31 158 50
10 101 42
28 171 46
100 142 14
35 104 15
113 184 26
64 150 47
24 54 20
95 152 3
154 174 33
107 132 1
2 177 16
25 172 41
26 106 3
112 175 30
30 37 45
37 127 14
62 151 42
7 162 44
48 70 24
152 169 13
141 151 47
101 156 26
45 181 15
137 178 19
63 148 17
133 188 38
14 154 29
39 67 29
34 160 33
37 86 11
60 65 25
90 114 50
97 168 9
24 84 8
55 78 38
48 86 39
110 135 38
76 103 1
61 169 32
49 58 43
45 64 37
100 178 43
27 178 41
90 181 6
86 170 18
54 115 37
118 137 17
52 161 25
56 192 11
22 51 15
165 198 23
59 169 26
57 118 14
17 64 12
90 162 46
48 117 47
28 45 4
29 88 48
161 189 47
29 86 45
78 141 43
6 156 23
89 169 7
178 189 42
22 143 17
40 142 49
76 156 22
55 60 2
38 156 6
19 119 44
45 161 33
191 197 44
67 171 42
23 40 5
7 184 7
34 36 48
24 50 11
94 107 33
3 21 41
60 88 37
62 174 26
89 112 12
79 120 25
143 172 9
62 129 9
40 81 40
8 67 27
88 156 12
80 195 13
118 139 7
136 176 14
66 129 4
91 135 14
92 200 46
47 59 50
24 113 48
95 126 20
72 126 43
64 89 36
108 186 9
95 112 23
101 175 33
163 198 26
5 56 47
193 197 46
90 198 28
69 93 32
35 118 4
88 187 27
9 169 20
59 117 16
146 166 18
108 162 20
45 185 32
104 152 26
30 170 4
73 127 9
87 119 35
104 135 44
5 79 34
78 114 3
19 136 7
11 31 17
95 159 49
18 64 50
46 71 41
94 97 29
7 23 1
82 184 41
87 159 36
72 163 24
18 49 20
13 41 33
157 197 15
78 105 24
39 55 25
54 98 14
174 178 49
35 94 33
42 178 40
134 160 14
97 144 7
9 162 27
52 156 4
118 127 12
2 61 17
16 26 46
54 163 31
23 165 49
180 200 8
87 179 49
61 165 26
172 189 33
52 93 29
105 107 48
69 188 14
33 83 25
56 108 1
1 24 27
85 153 29
8 46 50
129 145 44
58 200 14
139 173 40
11 180 13
38 94 26
71 132 36
44 190 48
108 196 9
40 70 20
106 136 40
15 40 37
76 170 28
13 181 11
93 191 6
12 65 45
61 62 25
36 129 43
69 115 31
96 131 19
18 196 15
36 195 16
105 180 6
50 132 7
85 135 42
111 150 6
123 157 15
112 180 45
112 165 41
12 18 22
39 110 35
114 115 45
30 177 37
42 101 23
151 191 23
69 126 32
23 155 41
35 186 1
79 81 42
37 166 9
8 51 13
51 60 10
70 175 12
115 162 43
29 143 27
10 155 11
2 115 8
134 159 24
57 104 25
33 85 48
113 155 12
184 190 9
72 82 45
28 126 19
18 176 27
11 196 35
55 103 15
64 177 2
146 195 19
156 168 49
3 168 45
2 33 33
40 194 13
22 152 25
105 128 24
16 73 25
88 166 13
17 80 42
139 171 8
66 77 8
21 193 30
20 72 42
146 192 18
78 172 15
42 182 34
43 158 46
60 177 50
112 143 1
91 171 26
19 186 17
16 42 18
18 75 33
40 165 16
69 107 5
7 109 43
32 181 2
22 39 42
159 196 44
61 69 3
58 67 15
99 159 35
83 182 47
49 179 13
111 185 45
68 158 26
15 33 14
88 139 20
31 157 34
103 109 47
5 108 37
25 179 41
77 82 38
10 194 43
12 45 3
89 171 45
89 111 30
50 62 47
123 177 19
37 112 16
37 52 4
54 131 2
64 83 37
63 199 49
53 185 39
42 152 19
101 178 11
187 193 6
19 124 9
128 190 13
33 168 32
123 168 32
18 161 10
54 86 14
22 66 43
39 54 13
106 157 21
17 115 36
139 148 15
13 92 35
16 181 23
35 100 30
178 193 1
122 173 10
47 198 34
15 70 2
1 78 18
28 108 19
172 191 23
28 156 45
155 186 12
48 121 46
61 194 35
23 88 31
35 77 1
76 142 38
41 125 32
96 164 10
162 191 19
31 48 43
122 192 33
109 189 31
22 169 11
80 88 24
13 102 34
140 168 26
24 176 27
52 98 45
139 159 21
12 160 47
34 141 15
16 53 42
15 48 8
61 131 22
138 175 26
136 169 44
82 89 29
148 180 40
54 95 21
21 129 35
11 16 25
61 188 5
162 164 27
38 86 31
69 96 38
32 116 1
36 180 48
168 199 6
136 175 25
20 54 50
56 189 43
39 117 22
22 198 7
6 74 46
76 191 8
14 31 4
21 92 9
7 44 16
5 111 7
50 143 3
42 146 9
4 116 40
56 137 49
14 171 11
53 163 42
55 117 21
2 188 9
167 194 6
63 97 39
150 170 32
29 111 25
21 119 30
90 157 12
85 96 24
49 73 11
6 136 3
31 42 16
51 54 49
122 145 5
18 96 4
48 104 6
99 162 24
60 66 7
53 133 1
103 154 14
96 147 18
18 68 47
127 176 43
98 163 44
82 191 11
122 174 2
68 123 44
49 198 17
53 166 9
82 100 38
121 180 14
15 98 30
57 155 45
103 117 32
85 168 49
20 78 46
50 94 8
58 103 30
109 161 10
91 115 37
44 155 34
125 153 40
30 138 38
119 144 38
21 171 43
5 157 11
29 45 48
142 166 16
45 104 34
60 92 21
85 178 49
66 70 23
82 182 31
166 184 24
166 197 7
35 114 39
154 190 30
42 129 42
4 104 30
20 70 49
143 198 11
23 109 28
76 82 32
78 147 35
6 72 20
29 151 42
50 151 36
36 139 49
48 96 7
84 105 49
136 193 35
83 141 44
43 55 32
112 182 40
195 197 33
95 121 2
51 109 34
59 185 1
114 190 44
96 132 12
117 186 24
81 179 28
3 80 48
50 123 34
118 177 7
103 183 23
36 132 47
126 179 37
167 181 40
45 150 7
56 182 45
152 195 7
110 127 2
56 80 2
80 99 30
5 148 22
36 74 14
103 107 32
115 152 21
14 71 14
177 191 40
81 184 37
6 51 30
178 187 37
93 103 35
2 49 45
9 78 41
49 95 18
83 123 37
19 32 33
3 88 18
121 153 2
1 141 33
22 78 4
52 94 40
129 133 9
65 175 15
41 184 48
50 122 42
26 127 48
135 155 42
10 165 16
169 188 18
11 119 45
143 182 1
172 186 5
92 172 4
51 157 13
14 106 14
86 143 25
185 199 5
62 190 28
35 179 16
31 60 46
4 16 25
118 188 33
19 51 17
23 39 8
58 91 21
86 135 46
54 89 35
106 107 28
40 140 27
91 103 15
11 171 14
10 23 40
32 99 26
51 89 18
95 96 7
34 111 21
30 85 32
5 119 35
103 192 16
91 177 21
26 78 22
109 135 41
138 142 27
168 195 18
54 183 24
27 175 13
147 180 1
61 118 23
9 118 21
21 143 4
34 150 31
30 34 27
14 40 26
64 179 44
52 184 25
61 91 24
105 130 1
58 119 32
39 147 48
22 44 36
132 176 50
28 44 39
100 181 16
68 102 36
17 138 21
14 42 44
69 157 43
51 172 23
84 126 3
36 133 39
116 200 21
112 152 35
4 152 3
17 107 32
84 124 42
155 192 11
9 20 1
57 187 36
23 176 41
85 147 31
53 98 5
99 168 29
54 105 12
35 161 10
155 162 34
24 154 11
55 85 8
17 104 43
75 78 40
21 52 33
71 120 14
11 184 18
155 200 35
23 32 5
37 101 14
16 56 27
19 138 24
102 146 31
40 84 45
14 52 28
1 79 34
75 183 44
138 143 18
21 31 18
179 194 43
123 147 43
130 165 36
10 18 18
7 105 25
155 187 47
86 197 23
91 132 50
22 38 10
14 39 47
4 164 37
14 21 4
20 134 43
115 193 7
118 122 29
4 80 17
63 131 39
66 194 8
79 161 5
77 80 23
36 157 5
19 196 47
80 131 17
92 146 7
57 61 29
158 197 10
56 134 26
9 147 12
127 179 14
157 199 38
43 83 17
161 186 10
12 51 6
116 183 35
171 187 8
3 148 12
74 168 48
19 48 41
64 135 2
1 7 13
66 156 3
113 116 30
81 166 48
43 128 30
21 105 31
37 185 15
120 182 33
170 180 29
103 155 36
38 97 34
129 149 3
37 58 39
62 117 8
115 141 20
11 146 15
73 169 25
44 151 9
61 187 12
75 87 38
8 98 25
12 105 39
82 157 18
28 90 40
42 75 39
87 171 40
47 80 44
9 145 36
137 199 37
50 162 12
100 134 46
91 128 1
80 191 10
81 154 7
15 160 30
6 94 50
66 100 28
77 109 48
60 159 4
21 51 16
26 176 46
125 129 35
9 134 46
5 33 36
44 114 8
95 169 17
15 21 14
124 184 15
63 198 31
91 141 23
118 194 8
21 84 5
117 118 40
100 113 10
15 135 37
71 78 27
188 198 38
162 166 32
8 49 30
62 99 30
111 186 11
44 175 5
108 128 10
120 148 42
45 133 32
24 191 47
130 157 9
86 195 33
20 65 12
54 193 19
63 132 11
44 150 11
48 85 31
36 126 1
40 114 49
165 175 22
42 193 9
118 191 42
74 184 28
114 121 13
173 192 47
34 172 28
105 169 36
40 200 31
18 177 47
72 174 42
68 89 22
115 169 22
18 116 43
45 53 7
18 191 25
158 165 18
56 62 19
61 163 9
39 146 31
134 183 5
18 108 22
85 187 22
13 57 40
77 112 16
40 118 20
145 197 6
144 177 24
19 96 26
129 200 9
101 105 12
52 158 9
69 123 23
145 148 41
93 124 17
15 61 12
69 182 47
147 176 12
24 75 30
46 78 41
51 146 41
86 145 29
12 119 43
92 190 18
157 160 39
17 116 43
12 58 46
103 134 26
42 177 21
73 99 27
15 36 12
110 123 8
115 151 20
144 193 42
86 92 45
154 178 22
65 191 43
87 157 11
33 163 47
45 78 35
14 150 16
68 135 4
13 109 23
38 133 12
93 98 28
21 137 36
51 67 42
9 18 5
6 117 50
96 197 34
3 142 41
51 192 49
150 198 8
129 136 11
41 54 46
3 4 50
47 135 36
28 53 7
74 106 26
125 192 4
1 19 26
28 181 45
58 113 12
90 177 20
77 121 15
58 77 42
113 142 21
52 82 18
8 94 29
2 149 7
55 178 50
3 58 30
98 133 17
12 37 3
64 126 17
35 116 40
76 94 19
67 96 40
30 81 14
54 90 24
23 62 18
91 162 33
71 117 33
109 174 2
107 144 34
56 153 36
13 196 35
126 148 4
96 126 48
70 173 5
47 71 33
39 44 4
99 132 1
97 154 26
53 85 30
39 185 38
36 92 34
75 186 33
31 96 7
66 106 25
30 182 42
71 128 49
40 149 7
118 181 27
97 142 47
76 134 42
84 107 31
62 100 18
70 131 16
19 173 34
9 68 46
37 76 21
53 84 1
3 132 49
42 162 36
9 200 8
1 91 10
21 97 41
67 100 44
20 99 44
45 110 32
94 111 12
19 151 34
30 60 25
106 182 10
35 164 45
12 55 37
81 168 23
72 98 19
21 191 2
14 57 30
105 199 28
16 77 30
55 119 30
36 43 8
14 178 33
38 177 15
87 127 47
39 188 29
2 40 32
11 175 37
87 196 25
16 47 14
22 157 32
32 135 49
158 170 43
31 173 10
25 65 5
36 162 12
34 132 20
3 14 1
74 179 1
66 188 32
101 162 32
13 100 2
33 200 12
105 176 43
141 157 12
36 94 29
160 166 12
77 169 8
92 103 38
1 113 32
44 84 33
45 147 44
58 182 33
63 68 23
32 91 7
13 108 10
159 171 7
83 184 26
53 54 38
67 170 13
27 144 7
106 144 47
97 106 49
9 89 24
61 142 17
134 135 8
69 70 10
5 40 34
18 189 7
40 182 18
164 192 44
85 123 17
17 112 32
133 152 10
15 39 49
40 50 39
1 77 25
119 168 9
58 86 17
36 105 4
162 180 1
23 52 42
9 66 11
18 43 49
70 80 49
152 191 41
59 176 22
119 122 29
8 45 4
40 158 7
65 75 22
42 70 3
36 169 17
159 186 19
131 198 29
42 98 36
19 28 33
107 113 40
73 179 30
162 167 30
18 38 30
101 123 3
15 147 39
85 180 35
32 141 38
38 180 13
15 156 2
21 172 14
141 195 49
102 150 49
17 188 14
92 126 34
33 157 2
93 164 45
37 62 9
60 116 46
25 73 50
9 137 39
57 68 29
34 40 17
40 108 38
151 167 36
79 146 39
80 198 14
97 111 43
40 117 29
27 72 33
157 183 35
149 173 24
60 68 50
54 189 49
169 193 13
174 192 26
65 150 1
65 111 25
85 148 23
45 156 38
12 112 48
57 94 44
158 181 31
34 77 7
5 171 35
74 79 10
85 140 44
86 125 4
112 172 38
136 180 45
30 162 28
57 64 6
14 90 20
19 47 31
28 132 31
150 175 34
21 170 7
14 159 12
16 173 24
42 100 18
39 113 44
129 183 3
8 191 29
52 193 46
4 123 37
23 168 14
52 160 39
12 164 13
50 65 43
70 78 15
36 90 36
14 73 48
85 171 36
137 139 32
101 180 34
103 124 10
125 166 27
61 104 50
31 76 37
174 175 6
54 134 24
174 187 5
83 93 11
45 52 50
118 162 31
8 86 9
111 167 15
139 185 31
53 193 30
40 73 35
101 106 2
85 124 13
25 99 39
95 143 30
125 140 14
138 168 47
135 142 28
51 111 44
120 126 40
19 22 19
16 129 16
62 98 17
36 71 36
61 167 42
93 128 16
24 92 4
11 13 17
22 193 6
63 72 46
59 132 22
59 64 26
30 125 11
118 123 2
119 166 22
77 117 33
2 52 37
100 146 13
35 182 9
11 49 37
189 193 29
91 109 35
109 119 28
86 199 29
54 81 49
42 48 7
108 131 22
6 150 17
3 98 26
27 65 1
30 80 41
171 189 47
66 118 12
131 174 41
115 140 7
16 34 45
123 151 33
94 123 46
45 160 9
91 143 38
117 147 50
29 32 39
8 83 21
132 194 50
38 105 25
52 133 28
103 128 24
69 156 20
2 148 14
109 141 10
53 99 36
113 164 47
102 153 44
11 25 19
65 182 45
52 131 25
18 77 9
54 114 49
62 103 1
7 144 8
122 158 35
104 108 20
8 90 23
4 191 15
109 134 15
32 98 28
11 54 35
44 189 8
6 98 25
117 159 13
34 173 12
42 89 49
67 193 15
54 85 28
71 86 43
62 194 28
56 181 11
5 115 44
138 165 20
15 150 22
149 156 50
27 108 29
189 192 20
164 165 23
109 191 13
25 139 7
33 108 26
17 125 36
62 148 7
110 149 18
166 196 32
25 167 29
16 169 28
40 91 36
83 120 36
80 96 29
82 87 23
86 108 5
15 137 50
124 162 12
101 149 8
36 171 8
126 168 36
26 27 17
116 193 47
91 92 44
8 118 39
84 175 45
27 152 13
161 165 48
74 137 45
10 113 41
10 169 50
17 179 6
73 109 34
29 80 7
35 171 32
134 158 44
49 133 17
173 198 18
79 196 11
72 102 2
5 128 48
148 171 35
87 136 29
64 134 17
52 67 13
103 153 37
1 138 12
40 51 8
25 160 40
10 198 31
151 157 3
88 141 32
71 74 32
162 189 16
112 135 47
13 29 26
123 195 15
59 150 11
151 162 7
23 95 30
34 78 36
59 181 12
178 190 23
118 144 9
104 192 30
96 124 35
91 100 27
115 160 34
51 195 31
23 59 10
25 146 25
92 192 2
53 96 8
29 44 16
1 112 29
98 164 13
42 180 43
30 50 8
14 48 12
112 151 4
8 193 45
121 184 30
148 188 4
70 141 1
1 151 12
49 51 22
9 175 29
93 156 19
41 179 22
56 111 42
9 178 9
38 115 45
168 169 38
47 172 28
132 196 50
16 149 43
96 150 30
93 106 25
138 171 32
96 127 27
116 162 50
118 168 25
164 182 36
13 36 33
80 135 6
92 118 43
61 185 31
20 68 15
1 176 5
30 175 25
3 155 43
120 175 47
20 89 35
131 153 6
86 124 34
22 79 20
11 43 46
88 91 30
33 96 41
23 186 47
87 135 50
13 27 36
50 131 4
100 130 19
76 136 1
141 167 43
32 43 26
11 134 31
88 161 31
24 44 33
63 174 35
152 178 21
47 186 48
62 132 21
65 165 35
82 200 33
110 161 22
19 60 10
129 156 21
12 86 26
28 31 32
31 151 16
1 23 1
40 79 3
101 176 27
29 177 21
44 157 33
143 195 49
135 170 45
9 143 16
43 68 18
3 26 41
117 184 32
7 186 14
61 150 26
127 139 3
11 127 48
45 183 12
48 68 26
68 163 18
60 100 3
55 198 3
17 20 28
42 131 17
42 84 12
59 151 11
153 166 21
128 129 49
67 102 16
46 126 16
24 194 34
57 71 13
119 140 7
167 193 44
30 68 42
169 178 7
2 24 13
89 105 9
19 89 27
64 70 19
30 114 17
22 172 35
51 174 29
58 82 6
112 127 40
5 132 9
164 169 22
22 95 37
48 125 44
25 59 14
46 143 32
119 142 20
109 133 2
1 134 29
2 163 33
156 189 43
5 55 28
51 101 11
61 153 49
50 139 44
143 145 39
36 187 48
98 103 24
71 183 10
82 189 9
25 27 46
15 105 9
11 107 30
83 130 36
127 188 10
127 140 12
104 124 16
68 112 37
169 177 12
174 185 48
13 188 24
32 188 6
190 199 7
12 76 24
16 18 43
10 123 31
83 163 48
25 127 23
119 184 30
100 155 32
83 168 44
123 141 4
33 117 9
23 125 11
108 188 5
127 165 3
5 154 39
31 84 36
52 111 17
35 68 42
9 199 2
49 150 18
27 78 30
128 180 45
149 169 46
45 86 23
46 84 36
69 177 32
68 72 11
107 163 1
13 54 22
122 182 23
3 12 14
1 137 26
16 147 15
79 168 16
20 22 7
63 71 36
9 29 42
130 175 45
48 119 47
132 144 14
43 143 27
67 154 50
141 189 5
18 192 44
19 38 16
9 92 1
73 78 45
5 91 33
86 152 11
105 194 29
15 76 13
16 146 35
123 133 38
46 52 22
91 191 6
60 175 5
70 99 46
57 138 48
39 108 28
95 142 32
69 172 47
116 143 9
92 163 41
79 103 49
158 172 3
16 120 15
118 155 43
147 177 18
48 142 33
23 64 39
119 192 1
72 97 7
47 81 41
129 166 33
15 31 38
41 83 21
73 181 29
30 46 33
3 125 5
65 66 46
171 181 27
7 137 34
147 194 41
151 184 27
93 110 14
100 131 13
119 176 41
115 172 26
108 148 4
140 158 5
163 179 21
54 175 37
111 153 8
22 27 20
131 177 36
90 119 47
145 183 42
44 138 11
48 124 28
66 102 35
26 115 31
64 176 49
105 183 35
17 19 16
7 111 12
106 141 49
116 118 10
62 178 21
28 59 34
96 187 24
116 144 33
27 153 12
26 118 10
128 156 36
65 157 18
76 174 12
76 151 29
11 75 37
17 53 32
112 118 43
75 176 13
94 162 3
39 183 32
9 32 23
83 171 27
13 26 2
126 190 11
81 165 7
20 69 20
24 180 28
53 82 20
13 31 28
94 117 43
45 96 48
93 183 40
34 199 48
20 36 14
23 48 39
90 142 5
11 57 49
131 133 34
160 163 11
53 58 45
87 116 1
43 169 22
3 35 29
66 104 16
111 142 26
43 186 49
92 112 32
47 128 37
74 140 2
88 155 42
49 178 38
2 89 15
55 80 45
130 153 15
132 150 6
53 186 11
60 187 11
56 110 41
20 47 1
94 110 5
21 113 34
17 111 9
108 156 9
40 68 29
51 55 6
144 176 43
10 32 33
46 147 27
157 190 20
134 138 36
144 148 15
114 156 11
36 84 47
30 178 2
104 120 19
15 69 5
66 175 22
55 90 13
112 177 27
82 122 8
128 186 24
31 44 16
27 173 48
80 132 46
39 76 26
16 198 4
8 108 41
59 195 38
80 130 14
113 165 14
79 185 10
29 145 19
26 102 7
49 194 42
52 125 50
81 136 39
57 163 21
35 193 46
64 181 49
96 170 32
18 102 48
22 58 15
52 164 3
55 151 50
33 92 50
118 157 11
49 55 47
42 175 7
8 152 46
110 167 46
37 132 29
152 155 25
130 156 5
50 58 23
26 165 11
12 121 11
111 198 2
135 190 22
166 189 18
129 147 48
26 174 41
121 140 13
2 189 47
88 105 46
75 138 21
77 168 28
8 21 24
100 175 30
124 152 31
40 134 34
121 161 15
7 63 2
120 133 19
15 97 8
30 48 7
5 125 36
28 51 35
140 182 47
100 108 7
104 117 1
6 79 46
87 143 24
70 154 40
60 146 4
89 123 32
34 59 17
4 53 44
73 166 30
53 114 26
85 162 42
31 63 24
21 41 36
49 145 15
59 131 3
100 115 24
123 127 46
51 85 45
44 144 9
10 128 12
3 111 23
73 120 36
51 96 1
175 182 41
86 163 38
10 42 4
2 73 11
11 198 20
86 133 32
31 150 49
47 85 10
101 136 3
22 144 11
11 185 50
38 153 37
179 187 32
112 170 34
32 66 29
106 121 7
70 195 39
130 190 3
66 170 33
1 107 1
4 198 42
62 78 2
53 144 7
56 156 31
33 46 4
15 38 14
71 154 38
15 30 4
99 183 13
24 40 47
45 187 17
84 155 49
19 72 18
17 31 10
30 65 33
109 155 40
136 162 24
2 27 8
9 129 31
26 137 40
45 174 50
82 120 49
90 116 3
115 200 2
108 143 12
24 137 47
20 182 14
46 62 20
34 45 28
7 57 5
83 118 35
96 102 48
23 29 43
57 109 44
119 136 47
146 158 48
11 39 29
86 174 41
34 120 49
116 186 43
62 87 9
8 75 4
56 166 18
152 168 25
31 71 28
76 108 28
22 195 20
47 140 17
57 89 11
138 156 23
30 58 12
3 27 9
161 197 1
88 92 49
84 142 10
106 160 35
73 168 11
82 92 49
23 173 46
32 179 47
79 127 42
36 87 35
131 155 3
58 61 21
165 182 15
138 164 4
38 122 22
46 127 34
32 37 26
137 169 45
56 98 5
122 133 42
97 177 27
73 176 17
41 81 36
161 198 2
150 172 46
57 93 24
47 192 23
74 159 28
110 128 41
113 122 43
98 137 11
136 194 9
64 141 6
101 126 21
8 24 41
79 98 10
147 197 3
68 130 20
65 80 14
105 156 8
15 63 3
72 185 30
84 116 20
33 136 4
74 169 26
71 79 5
64 79 48
5 165 45
128 159 39
38 134 40
37 186 29
130 180 4
49 190 33
71 126 22
144 154 1
112 138 14
10 56 18
21 174 30
150 176 36
12 193 50
84 200 18
41 122 24
107 134 43
118 130 25
14 77 37
26 86 35
18 71 40
78 107 7
19 54 9
53 142 39
159 168 19
24 178 47
172 185 45
132 188 29
30 83 7
95 107 49
37 121 21
13 131 31
102 180 6
24 132 36
46 79 37
143 200 22
76 123 26
24 71 3
106 186 47
26 40 11
59 92 49
28 47 43
59 95 12
33 47 16
18 187 33
26 196 5
65 97 42
26 111 11
40 54 28
7 190 48
16 109 14
131 142 1
18 47 2
93 196 3
137 183 21
9 52 43
87 129 11
23 121 7
55 107 40
147 195 13
73 126 28
77 105 48
20 59 13
39 195 2
97 169 39
111 149 41
15 188 40
129 132 37
125 160 14
13 172 44
107 123 34
103 176 46
46 47 41
136 183 16
28 115 13
81 180 26
2 104 26
68 96 28
86 184 22
8 163 24
7 115 27
12 43 1
63 122 39
132 156 21
77 193 37
97 101 49
140 144 3
78 196 33
63 98 2
48 107 38
35 195 44
18 63 10
73 188 1
22 37 45
194 197 5
32 146 33
44 79 24
130 187 32
63 195 33
81 126 40
17 117 24
35 148 28
26 188 41
81 158 9
43 123 3
105 189 48
39 158 15
16 197 31
43 142 37
77 189 23
10 85 31
11 33 8
152 175 42
135 191 17
69 187 33
50 165 17
69 111 43
22 59 15
1 43 39
25 200 17
5 156 24
72 150 35
111 146 24
139 156 20
133 173 8
100 158 18
88 108 24
139 187 8
5 145 37
70 89 29
135 167 7
94 178 17
121 169 18
2 170 49
53 153 30
14 17 35
133 165 21
140 164 16
32 125 18
37 66 4
60 140 47
39 63 22
53 87 25
79 87 3
172 173 19
22 184 2
120 165 38
54 71 49
34 166 24
128 170 17
124 157 41
58 135 10
17 21 31
55 150 18
96 128 32
16 143 1
9 25 10
55 113 12
93 107 39
47 91 40
3 178 12
158 161 30
70 101 34
12 145 26
1 118 38
27 59 31
94 173 30
55 170 20
46 114 15
172 180 3
38 59 8
30 119 8
9 127 5
4 131 30
10 51 50
78 143 15
33 36 29
83 101 17
98 114 40
6 124 28
59 160 47
118 150 8
14 22 49
93 136 6
62 179 15
141 187 48
66 105 28
28 92 26
55 75 4
30 126 9
88 170 30
124 159 34
55 136 43
80 110 29
30 141 41
63 125 8
38 173 44
169 181 1
25 57 18
51 170 16
9 47 22
7 142 40
107 124 48
79 82 1
61 147 15
120 192 2
48 111 38
66 186 46
9 151 2
54 120 24
68 194 43
161 185 20
151 182 19
78 195 15
123 135 7
54 60 37
61 130 31
26 117 20
6 192 20
154 184 2
126 146 30
91 195 44
43 97 14
35 87 5
83 138 49
59 191 41
131 160 7
8 41 10
150 159 30
129 172 28
49 119 38
139 166 34
115 182 48
86 140 31
82 177 43
173 196 12
85 143 32
122 126 33
11 100 27
124 133 39
54 151 44
57 199 45
173 183 37
103 199 29
21 70 39
31 89 38
98 155 23
50 118 18
38 71 11
25 164 16
106 133 28
9 82 2
152 180 45
11 67 26
35 48 21
18 190 15
73 163 48
69 170 24
97 147 2
5 73 13
59 172 35
61 125 13
68 122 10
8 171 12
80 175 41
41 77 5
27 122 44
135 161 12
144 172 24
180 199 43
93 157 17
143 196 14
58 90 1
124 174 34
64 136 34
141 145 1
33 186 27
1 183 21
102 113 2
74 150 14
15 86 41
25 140 2
74 146 29
42 187 44
15 77 34
2 186 38
90 137 38
8 66 7
137 150 42
23 192 19
75 159 19
95 200 33
81 92 11
27 117 27
68 195 2
29 116 44
92 171 35
88 99 22
22 80 11
131 159 40
16 93 42
90 165 14
92 110 38
7 136 1
17 26 9
119 183 18
39 97 29
84 154 9
88 142 26
35 111 25
9 14 14
93 141 34
84 133 30
73 97 4
102 154 2
13 44 6
66 101 14
3 126 8
19 66 7
12 81 1
64 171 17
81 194 5
135 192 8
17 85 40
63 99 3
108 121 26
4 195 45
71 85 9
115 183 44
113 180 26
70 111 1
159 184 32
32 151 1
75 137 26
88 115 43
180 189 11
19 158 46
31 79 48
76 200 35
109 121 18
36 152 34
161 178 15
2 169 35
54 154 27
125 173 36
25 159 29
8 91 49
70 168 5
40 106 17
113 167 45
36 153 3
114 128 39
55 138 31
26 200 8
106 162 24
24 33 23
61 129 38
20 46 14
132 170 5
84 191 17
55 133 35
4 126 26
82 135 27
42 108 27
115 135 42
24 143 26
138 154 39
89 104 2
98 180 50
39 180 12
9 36 11
56 90 26
62 131 18
77 159 32
122 172 46
3 56 29
7 82 38
44 58 46
89 114 32
105 122 32
76 137 16
1 53 4
81 173 23
80 164 6
46 197 44
128 172 34
3 37 24
38 168 50
53 72 24
52 157 45
151 199 44
146 189 30
39 177 45
87 138 25
26 184 37
55 57 13
34 66 23
46 165 6
8 17 21
43 89 4
82 95 12
10 59 39
114 159 48
46 179 48
1 164 17
11 197 48
45 154 48
4 151 5
126 191 8
101 112 29
85 101 34
121 194 19
32 114 50
21 103 47
126 176 29
7 37 41
100 188 27
9 77 36
25 50 43
87 130 35
179 180 24
37 163 44
93 178 21
115 144 29
104 137 40
3 32 50
46 190 21
30 90 29
67 146 13
19 103 40
42 144 2
34 105 25
36 128 18
43 81 16
21 149 4
50 196 37
125 167 50
70 181 21
60 165 3
