100 990 25
16 44 9
37 75 11
76 92 25
75 93 13
35 93 18
14 59 7
3 16 1
67 74 11
31 38 24
21 37 24
2 68 3
36 60 16
39 53 7
25 27 14
22 41 13
27 51 16
31 43 17
7 79 7
89 95 10
47 66 24
78 97 2
34 91 22
46 52 9
74 79 24
36 88 22
16 37 16
39 57 6
52 56 7
86 91 17
5 88 16
45 66 7
20 71 15
26 27 20
17 76 9
40 64 17
25 49 5
19 66 10
10 58 11
45 83 1
13 73 1
63 84 5
19 97 6
41 84 24
11 20 22
55 94 16
10 65 1
11 71 24
42 70 12
1 6 21
2 93 14
28 77 13
5 60 25
75 85 15
6 51 14
21 90 5
66 77 11
14 65 4
51 89 5
28 99 22
37 76 13
53 81 8
45 73 6
50 56 4
36 59 9
37 55 14
61 67 13
4 21 8
39 44 20
2 49 10
13 85 11
12 76 22
36 68 10
84 85 9
3 56 2
77 85 17
34 62 1
11 64 14
11 86 8
4 9 19
35 68 23
48 92 14
35 69 10
6 84 24
2 57 21
39 82 9
2 10 14
6 48 5
56 81 25
6 16 11
20 86 16
37 96 25
54 57 8
76 84 21
57 78 25
3 17 21
33 35 8
30 45 10
63 76 4
81 98 18
29 84 23
13 96 2
26 74 14
23 25 12
24 56 5
32 80 25
61 83 13
1 39 24
44 53 22
42 80 24
42 83 16
11 56 10
64 91 9
24 89 23
36 86 9
49 82 4
21 65 22
37 71 11
7 8 8
32 71 24
47 59 8
51 62 10
11 15 6
49 59 20
22 59 3
26 95 17
44 70 8
39 81 4
29 43 24
52 97 8
22 83 25
36 51 7
60 68 20
2 89 21
4 19 18
28 57 14
14 93 12
6 40 13
24 61 7
63 65 17
54 94 24
9 38 6
21 32 1
28 42 23
13 63 3
32 84 14
2 22 3
25 46 9
32 56 25
57 94 23
12 17 15
9 95 24
11 54 24
38 98 24
45 55 25
55 83 10
23 35 13
23 26 9
8 25 14
83 87 5
76 93 18
1 31 24
18 38 11
15 46 2
41 76 24
4 80 18
2 4 25
12 85 7
30 62 20
35 43 10
88 99 19
9 71 4
35 75 7
1 35 12
9 34 9
19 70 11
30 53 11
35 70 23
54 72 1
46 50 19
24 86 24
43 73 13
20 77 14
30 85 18
26 39 14
8 40 25
14 85 20
26 64 1
67 70 20
48 70 23
24 81 14
54 67 23
53 54 22
17 19 7
56 87 22
47 72 14
48 57 23
45 71 20
30 70 14
21 79 12
43 50 2
43 46 6
9 22 25
1 100 24
4 100 5
14 25 7
63 86 12
34 82 5
9 91 9
2 3 7
30 39 17
18 59 11
23 98 13
9 41 1
88 90 19
23 74 15
39 68 20
35 71 24
61 88 16
9 67 4
85 86 19
79 91 10
8 24 9
50 81 24
79 100 18
13 100 17
22 27 3
38 95 13
20 98 21
14 61 11
21 23 5
45 93 8
12 88 23
12 27 4
11 84 13
11 60 1
57 73 14
43 71 1
19 74 17
68 77 22
25 32 22
66 72 6
3 79 16
21 96 24
9 33 12
29 71 10
30 82 19
20 53 13
34 86 25
82 99 22
34 45 22
31 32 25
10 73 10
21 31 23
13 37 22
41 79 1
6 19 12
1 10 2
11 46 14
28 29 8
32 37 24
5 50 17
57 91 2
29 52 6
20 36 4
2 17 23
9 49 25
57 61 1
5 61 5
24 50 10
8 39 20
5 62 7
82 89 15
14 83 1
23 66 12
10 90 3
6 73 23
31 96 7
29 70 16
57 90 20
27 74 7
32 35 21
14 69 15
17 37 13
9 11 6
8 33 18
17 21 15
1 55 11
15 51 7
46 84 15
42 53 21
42 62 15
52 99 19
11 17 20
50 83 24
20 54 10
6 37 13
2 19 9
37 97 16
59 89 14
14 79 6
18 81 23
44 90 1
19 82 8
65 68 10
13 38 15
33 37 25
25 59 16
85 93 25
18 67 3
16 17 16
14 17 18
6 15 12
18 85 21
14 16 3
38 45 20
56 83 17
24 27 13
14 72 12
42 82 3
5 81 17
17 45 6
25 26 3
26 71 18
12 15 6
38 80 25
16 24 5
31 41 16
29 87 6
32 79 24
8 9 9
45 57 8
21 92 3
93 99 23
35 80 2
20 84 15
14 24 17
25 64 19
16 36 25
41 61 20
90 95 12
5 66 14
52 93 9
13 90 16
15 82 20
9 60 5
41 42 25
2 27 4
42 44 24
10 25 24
3 4 9
53 75 19
27 61 11
65 73 13
6 62 11
10 72 22
21 52 2
40 66 21
78 94 1
10 54 5
19 42 14
20 25 3
2 78 7
24 77 25
24 79 18
52 68 14
73 83 2
23 47 10
52 64 16
17 74 24
84 98 11
70 81 16
27 49 1
7 29 7
29 82 21
11 73 3
55 80 14
55 85 13
23 69 24
5 82 23
10 100 5
1 26 14
25 70 16
3 70 19
35 53 21
5 91 18
8 50 2
41 88 10
22 23 19
63 66 17
40 62 18
39 47 20
73 98 11
44 95 9
10 67 10
25 95 4
41 70 6
27 64 16
3 24 18
50 72 12
41 69 3
40 67 7
10 60 15
49 94 9
52 96 5
46 98 24
3 87 17
40 82 19
63 77 8
16 47 13
9 61 1
56 86 9
77 78 7
17 62 14
17 26 20
29 51 22
4 59 9
61 69 24
27 29 15
62 74 22
3 73 1
9 58 12
8 49 3
42 100 21
33 46 16
64 73 19
1 46 25
21 34 9
15 61 5
6 23 24
26 36 7
8 65 6
42 64 15
3 54 13
40 54 2
64 72 15
66 67 5
13 78 11
12 90 17
32 52 1
43 61 18
39 62 11
3 34 22
25 77 24
41 86 6
57 74 1
17 55 17
7 9 3
1 30 15
36 84 1
51 55 14
7 93 3
19 73 14
25 44 12
6 63 24
77 95 21
44 57 16
73 90 18
27 33 25
55 90 16
36 95 17
65 84 12
11 21 2
97 99 5
81 92 22
44 73 13
9 29 24
29 41 23
56 72 10
60 100 4
17 34 7
19 68 12
24 72 3
41 82 1
25 83 15
10 85 1
41 59 7
1 24 9
49 57 3
14 97 23
5 33 23
17 36 2
39 94 18
32 41 1
44 85 19
31 63 14
62 75 11
4 62 25
56 93 10
58 75 14
4 95 5
54 98 20
26 46 17
51 69 1
66 98 12
51 97 13
15 78 8
11 89 8
8 45 10
53 74 17
34 47 4
5 8 11
54 75 22
25 53 18
52 74 19
41 50 16
8 17 10
12 83 20
57 63 6
69 88 24
32 90 19
78 80 23
26 77 6
16 38 5
28 67 13
26 91 22
4 76 1
2 85 21
13 20 17
44 56 13
15 92 24
3 36 23
18 28 14
7 41 21
13 25 10
74 88 13
10 39 13
40 85 13
1 38 23
6 11 2
52 55 17
9 23 19
29 63 16
5 54 19
34 64 10
5 83 14
11 25 22
51 73 16
39 87 20
57 60 11
7 43 3
50 51 16
16 86 23
14 34 15
41 53 21
41 54 13
40 56 16
85 94 7
29 62 24
32 75 3
18 40 22
2 88 5
35 91 11
10 95 11
7 18 18
15 87 17
51 74 2
32 93 11
89 97 25
38 60 22
8 23 2
10 41 3
50 84 23
61 99 6
95 100 12
6 83 25
19 48 6
50 75 24
29 68 25
53 63 7
59 80 10
27 36 2
75 82 13
36 78 3
14 71 7
33 52 22
62 94 15
45 77 13
3 58 3
93 95 11
6 38 8
4 53 23
22 33 10
58 72 8
1 7 16
8 89 25
55 92 24
86 95 7
44 99 7
1 64 24
68 74 21
41 67 3
30 84 15
6 85 23
12 50 22
1 81 16
82 84 3
41 92 16
27 72 5
37 46 8
34 55 19
5 13 23
7 71 25
12 23 8
48 62 15
72 98 7
36 45 13
17 29 2
29 59 24
52 88 19
11 58 22
3 71 16
68 93 8
59 71 24
3 47 2
66 80 17
62 95 16
80 90 1
1 2 7
41 73 9
24 100 13
11 87 18
34 40 18
92 93 9
34 80 24
19 90 1
7 66 20
1 98 22
7 91 10
11 95 13
42 97 8
29 72 14
45 96 25
77 87 7
61 94 17
65 95 7
30 65 25
38 49 3
52 79 8
22 70 23
12 99 12
67 73 13
5 80 8
56 71 12
5 43 22
7 37 24
2 28 9
18 20 8
15 16 7
60 80 15
65 82 10
25 36 21
27 99 11
45 48 14
13 48 22
32 33 10
16 75 15
16 60 9
11 77 18
28 96 2
95 97 15
3 67 24
70 75 8
57 80 25
80 82 24
39 42 8
49 68 14
26 98 18
99 100 25
55 72 22
37 67 16
29 60 9
22 38 5
38 65 23
37 83 16
2 71 2
47 93 24
11 40 10
33 80 7
27 63 9
33 83 8
33 98 12
14 86 18
20 73 10
68 79 2
23 72 7
37 59 1
5 10 3
15 36 21
60 99 4
52 60 10
57 71 3
36 91 25
47 74 1
67 90 13
72 100 18
5 27 4
1 16 16
3 19 17
28 34 25
17 96 10
68 98 20
17 25 23
12 72 8
26 62 24
38 72 6
35 87 1
43 85 9
20 66 18
32 77 10
9 55 10
34 50 13
18 24 10
27 92 24
47 53 15
14 77 14
15 64 23
15 57 25
30 93 10
5 46 3
61 72 11
47 96 21
12 62 19
94 100 6
71 98 21
2 62 12
4 16 14
2 12 8
9 98 10
3 8 21
46 78 8
56 58 5
82 83 5
18 98 24
49 63 20
78 86 10
46 95 9
24 83 13
55 62 16
17 95 1
18 97 5
26 43 22
82 92 8
36 39 17
17 32 16
21 70 10
30 69 18
14 54 25
19 67 7
3 44 5
5 74 11
21 33 11
23 97 16
10 40 6
70 84 16
38 78 15
44 46 2
32 46 16
38 71 5
32 100 5
32 94 5
38 84 3
5 57 3
11 81 25
33 48 15
33 45 20
24 78 22
27 50 18
16 98 19
62 82 20
4 55 13
6 41 24
8 43 2
47 92 5
71 94 2
62 84 19
2 46 9
30 37 9
3 27 17
79 98 20
10 77 21
17 68 5
35 47 12
33 42 23
27 80 3
30 68 13
83 93 20
68 72 21
63 93 10
53 62 21
87 99 17
3 14 25
4 68 19
52 94 6
45 53 8
12 63 25
58 59 9
20 100 17
21 44 25
7 23 11
30 33 8
40 48 17
39 75 25
48 78 22
4 11 9
84 90 22
1 94 19
93 97 23
7 33 14
51 54 6
16 62 5
31 35 3
68 99 24
37 82 5
35 82 17
63 70 21
13 45 2
53 85 24
36 46 4
44 47 7
2 98 14
42 99 14
18 26 24
47 95 5
16 35 19
16 96 1
49 91 20
31 69 4
43 81 20
11 30 23
44 93 18
44 60 17
19 77 4
35 89 1
45 80 13
4 14 8
5 98 20
16 32 21
20 96 12
60 63 2
27 53 17
11 97 19
48 95 24
9 69 21
22 60 23
1 99 16
24 28 13
51 99 15
70 95 14
27 38 10
65 97 18
8 11 11
52 80 14
14 98 18
10 21 10
37 81 6
42 98 18
81 82 7
27 34 15
18 79 12
8 84 19
15 98 16
28 98 8
47 61 10
33 74 9
66 68 22
55 61 19
3 61 7
17 31 2
21 89 17
4 96 9
87 97 4
57 83 9
38 97 22
30 81 17
22 40 6
12 25 6
37 63 14
43 65 21
75 79 4
63 92 23
12 59 8
46 88 4
26 94 11
21 80 25
52 98 16
65 94 13
75 95 7
66 88 20
72 77 22
58 87 11
4 77 20
2 79 21
11 92 13
6 68 15
6 26 3
14 19 7
24 43 9
50 79 2
39 99 15
31 77 8
26 87 16
36 73 5
33 34 21
45 94 25
31 91 17
64 81 17
11 12 1
73 94 24
18 60 13
7 10 22
8 18 12
72 78 6
20 89 17
86 93 15
71 92 4
61 91 11
12 32 17
21 71 20
6 93 7
45 46 4
87 88 7
40 83 1
24 67 1
34 84 21
40 59 13
32 81 19
4 56 7
1 79 8
59 64 7
11 72 22
4 5 16
86 87 17
73 87 25
44 54 23
16 23 6
9 53 2
13 93 3
54 80 25
17 35 15
77 79 18
16 80 12
85 89 23
41 85 5
38 81 18
2 65 22
20 75 25
43 64 13
24 30 16
44 51 5
34 77 19
8 98 22
45 82 8
5 68 4
43 75 4
3 11 2
26 85 10
30 75 23
22 48 4
43 84 21
8 93 19
3 20 4
16 84 22
68 90 24
10 93 18
52 91 8
92 100 23
27 54 2
34 93 3
65 93 9
1 13 14
7 63 24
17 61 13
7 56 12
22 32 16
5 47 6
8 56 9
81 91 6
1 60 23
34 54 15
29 30 8
2 29 25
95 99 19
85 90 2
21 73 24
2 47 15
16 57 23
46 70 11
37 38 24
91 97 12
22 64 16
