200 3980 50
23 68 18
160 184 35
64 195 27
77 190 33
15 149 19
180 191 12
24 151 39
24 95 23
123 154 45
32 140 18
95 162 28
60 199 21
52 67 39
83 95 41
20 64 10
104 109 32
65 198 39
27 40 38
33 138 1
121 152 38
127 139 37
102 163 46
14 111 44
17 172 31
57 144 42
117 197 37
30 199 7
60 185 1
1 128 13
84 140 41
163 167 7
167 173 16
27 185 32
54 60 46
125 170 10
32 153 46
54 85 10
95 118 16
90 148 24
40 126 28
159 169 14
46 72 31
164 199 39
70 72 32
23 94 4
111 154 5
14 88 45
46 173 31
44 45 30
47 192 11
125 158 15
31 176 23
99 187 23
32 183 46
55 184 30
47 135 47
100 200 41
2 3 38
22 100 37
27 128 23
155 161 25
108 170 7
81 166 49
69 149 28
64 97 42
13 103 35
84 138 44
15 125 30
18 83 35
58 88 49
22 74 28
19 170 14
6 119 16
145 174 3
71 78 49
53 66 31
59 111 29
132 166 34
25 41 23
24 79 26
129 200 7
104 107 4
86 133 39
168 182 1
176 185 1
86 189 48
167 179 35
103 160 35
131 195 25
84 91 27
53 64 48
109 115 3
109 149 5
13 66 18
28 61 25
91 169 42
36 190 3
65 185 49
26 62 45
184 191 39
65 117 35
32 141 16
1 146 2
67 153 44
108 112 46
19 108 14
142 152 34
140 143 14
154 162 33
11 37 48
27 194 40
30 60 45
4 18 46
19 44 10
41 76 35
32 196 13
10 53 17
59 74 27
53 83 12
43 45 7
18 165 34
41 68 45
81 128 21
139 193 8
59 125 36
141 165 39
47 142 50
43 65 31
55 166 34
37 122 10
74 113 8
129 166 25
29 176 17
23 111 16
95 154 39
55 103 35
51 198 38
80 138 19
1 15 8
59 145 35
75 91 28
29 146 29
37 93 8
34 164 6
5 117 19
58 166 32
72 104 3
47 51 5
51 61 35
106 197 7
32 105 14
2 62 19
18 95 49
30 164 24
32 83 25
38 198 17
87 161 44
38 85 33
15 90 9
65 99 17
130 145 48
73 86 19
30 36 24
47 52 44
121 168 24
46 191 34
111 190 45
135 187 40
61 78 23
131 132 33
59 108 36
62 91 37
77 142 14
5 29 31
34 133 28
43 113 46
33 186 38
4 148 7
33 89 6
90 187 14
9 198 2
48 67 21
6 99 11
109 194 25
26 160 37
81 192 18
62 86 6
50 147 16
41 126 15
16 184 5
82 86 10
125 179 26
8 98 46
45 155 34
22 150 30
93 177 28
93 143 48
61 97 26
58 115 11
46 83 40
6 50 1
34 170 6
12 168 44
67 194 11
21 70 6
52 150 2
46 165 23
39 82 37
27 60 43
153 194 10
52 104 8
31 198 18
110 148 21
44 48 11
76 164 42
26 67 14
8 55 9
78 82 8
67 187 16
107 109 33
46 188 18
170 185 40
186 200 30
28 188 29
56 78 28
68 145 22
24 106 5
15 161 6
143 191 6
24 155 15
10 25 35
32 54 21
29 36 49
21 37 35
1 180 27
156 178 24
88 119 16
163 173 4
104 129 33
9 145 37
17 42 43
82 100 37
3 197 42
91 168 18
69 192 31
21 140 7
39 135 48
161 190 50
21 154 15
66 142 25
51 74 23
33 167 41
2 169 15
55 77 31
4 108 8
33 38 39
39 71 21
173 184 24
127 200 14
122 184 13
164 173 46
65 136 24
99 133 24
20 63 29
127 187 28
104 141 2
122 190 23
101 144 27
4 63 49
92 188 36
36 197 18
116 159 33
41 107 32
15 185 23
19 165 29
9 172 16
39 85 23
142 183 42
45 92 11
38 59 29
83 97 9
68 171 30
166 168 41
48 95 8
72 182 31
16 191 28
66 163 3
158 195 2
15 186 16
14 75 50
37 88 42
51 68 36
49 68 7
122 195 17
148 178 23
56 166 6
42 139 48
153 160 35
58 119 22
52 94 8
4 106 40
69 102 45
182 189 12
82 87 7
105 124 3
19 124 41
79 172 36
25 171 46
73 176 22
91 155 31
118 180 29
2 58 43
41 162 34
154 156 26
14 159 48
141 196 3
87 124 9
5 70 49
58 182 27
77 129 24
132 137 16
42 179 38
35 50 22
15 109 50
49 156 18
21 36 17
37 133 46
64 169 21
157 172 38
52 61 50
6 120 26
26 140 30
107 119 21
60 192 45
9 42 15
22 63 37
10 102 36
144 197 25
55 200 12
149 200 14
108 117 3
18 138 22
23 58 35
106 179 7
76 156 40
10 46 14
10 61 11
138 145 48
162 174 20
102 168 32
100 151 10
151 185 45
9 45 34
6 159 24
115 121 11
75 130 13
37 52 47
121 151 45
58 163 30
150 152 8
134 147 35
110 192 25
76 166 15
155 187 29
63 99 25
73 146 23
53 141 33
67 164 4
170 183 38
70 108 9
181 188 2
64 122 9
57 90 50
136 196 3
85 145 45
31 185 22
179 188 31
63 169 26
84 141 31
8 200 26
171 174 23
34 200 50
28 68 5
130 169 23
157 192 38
74 200 23
81 169 47
12 188 32
32 53 24
65 155 6
84 192 12
64 114 35
55 158 22
120 163 32
71 141 41
110 157 2
55 128 18
14 181 29
49 132 1
62 64 17
64 77 1
89 196 48
28 82 17
106 171 44
61 192 11
55 104 39
18 189 48
17 59 38
120 127 10
14 196 5
6 174 23
156 168 37
48 142 44
10 114 6
48 168 20
64 198 40
11 32 36
53 114 37
55 62 48
30 154 30
1 7 20
138 164 11
90 160 27
48 156 43
124 143 49
46 58 13
34 118 49
23 113 3
69 99 29
31 149 43
43 159 3
51 69 15
150 194 17
97 139 11
168 175 21
35 172 47
91 148 23
67 191 34
102 116 41
70 157 24
82 199 29
15 79 36
49 160 29
13 170 15
50 66 32
16 123 6
1 42 49
105 107 26
20 177 24
59 168 31
117 134 34
74 92 32
22 54 26
53 54 13
22 59 46
142 193 36
14 97 37
51 114 28
172 191 13
49 50 2
56 172 45
6 82 40
12 187 21
105 191 1
118 194 26
29 147 47
73 94 49
86 101 26
5 108 21
111 182 20
30 85 29
87 120 13
63 151 49
67 196 27
63 77 48
104 199 40
117 163 31
8 144 21
40 151 21
1 82 7
25 154 30
52 181 1
41 191 38
90 166 25
52 63 22
10 194 30
51 83 45
21 109 5
146 189 29
63 114 36
137 180 48
13 195 23
193 196 18
37 85 13
38 103 3
8 157 15
92 184 25
138 182 3
17 114 7
7 183 38
20 166 15
56 194 26
94 142 5
52 60 12
188 192 27
83 198 8
36 91 38
40 186 36
122 145 13
87 133 37
59 88 17
111 188 40
11 17 15
74 139 44
41 58 20
67 129 50
121 157 3
15 33 20
27 63 11
37 149 44
20 67 39
16 154 33
88 199 13
34 147 2
129 180 19
110 128 6
3 115 19
28 34 25
8 180 50
26 186 2
16 174 27
5 193 37
6 68 45
134 184 22
23 36 28
79 156 27
51 66 15
34 48 32
119 173 9
136 161 34
9 131 50
68 180 12
96 184 11
24 135 48
148 188 27
67 132 24
67 86 7
124 169 14
53 192 42
111 141 39
18 158 49
24 48 47
40 137 33
1 117 13
47 123 44
94 137 37
20 25 47
32 112 34
76 169 41
24 29 40
10 89 26
21 160 34
28 93 16
91 98 15
166 183 49
82 157 11
53 162 36
5 45 27
125 142 18
31 191 31
2 57 18
157 187 42
62 145 46
57 146 46
13 192 21
193 197 43
41 142 31
79 158 45
48 60 1
39 146 2
80 136 34
126 198 10
115 169 46
122 156 23
27 192 28
11 113 17
169 190 14
30 151 14
21 194 17
44 192 7
61 74 46
108 159 43
16 176 24
118 157 12
82 197 16
83 153 35
20 102 36
86 191 48
141 142 43
115 189 46
135 200 50
6 112 4
84 171 35
107 137 15
29 90 9
5 163 11
82 181 15
81 146 45
37 128 46
42 173 26
32 99 9
34 184 14
36 65 14
125 129 6
8 71 15
1 139 13
133 162 15
54 166 38
67 121 14
96 149 24
7 16 5
64 136 50
122 128 25
107 164 34
139 174 46
58 159 17
122 132 33
15 157 49
26 145 50
134 136 31
52 107 35
76 97 2
82 109 50
51 124 19
97 101 1
97 102 37
30 53 8
57 131 22
150 174 7
149 154 23
86 124 30
60 90 37
15 36 35
59 130 32
28 113 29
39 66 4
16 181 26
3 133 17
52 116 11
8 118 25
149 159 36
124 175 46
10 98 32
46 47 34
86 145 14
124 131 2
72 143 20
15 103 38
115 167 39
26 61 27
21 77 50
25 178 25
2 150 9
1 62 26
13 102 40
111 163 6
80 155 25
101 156 37
80 198 4
35 105 22
44 106 7
46 135 3
132 162 15
74 183 46
132 175 28
18 192 38
117 191 34
78 178 23
30 191 19
43 97 32
35 47 31
118 123 50
33 98 41
14 199 24
136 152 39
171 184 11
79 162 46
127 178 37
30 50 27
93 99 20
82 121 21
105 128 3
123 143 14
139 140 13
74 164 27
23 135 15
155 196 48
44 86 26
6 96 22
14 120 16
34 71 6
4 14 32
130 164 34
73 178 25
57 74 33
106 183 48
40 159 25
28 49 11
106 200 39
83 146 26
28 154 47
2 47 34
95 142 29
102 158 2
87 184 9
72 151 29
6 166 28
63 125 14
110 170 38
81 105 19
47 155 7
115 144 10
26 104 18
101 119 30
58 74 4
37 116 11
63 194 42
14 121 10
38 54 21
113 180 10
72 108 8
17 23 46
76 177 23
47 86 27
11 18 5
148 179 6
40 148 38
51 72 40
114 118 7
77 139 42
127 199 4
67 131 34
60 165 42
52 197 43
74 75 15
122 157 39
25 29 16
143 151 9
155 195 34
74 151 39
52 86 9
78 187 46
56 198 26
92 94 29
74 133 22
4 114 16
95 140 2
112 180 10
31 136 43
7 179 34
64 65 47
4 43 31
16 168 31
47 184 18
75 99 48
4 116 45
113 186 21
14 101 4
17 130 22
35 75 41
11 91 23
51 103 6
11 65 32
132 167 47
100 109 41
155 184 17
94 113 7
68 111 30
39 186 41
6 180 40
47 197 43
90 157 38
54 73 47
59 142 12
125 186 19
8 96 36
54 90 4
40 54 16
26 69 22
12 86 13
46 116 43
112 191 15
12 195 5
104 113 15
121 184 8
159 183 29
130 194 36
50 100 17
94 101 37
107 156 9
140 199 46
70 122 10
119 152 42
18 53 2
45 52 28
7 152 40
106 162 25
57 107 47
9 173 39
76 151 45
163 168 6
29 168 1
47 90 11
17 61 46
135 137 40
8 120 30
10 137 39
33 198 15
68 116 22
49 141 37
69 128 29
76 192 3
157 190 21
82 98 33
175 195 29
164 172 26
57 196 38
28 54 24
12 196 10
67 189 5
29 124 48
76 152 13
108 161 34
35 55 14
24 150 38
115 146 39
78 150 44
83 133 19
84 128 28
178 182 47
19 154 9
29 43 43
86 95 15
109 195 22
139 160 15
30 140 1
34 49 31
105 153 30
11 112 50
120 147 23
4 122 38
61 94 36
61 88 14
16 82 30
79 181 7
40 157 9
58 195 9
62 93 29
49 162 22
3 45 7
118 167 49
144 192 29
75 84 1
58 107 49
39 68 14
19 190 28
77 197 5
47 165 24
153 183 26
16 83 30
21 134 25
127 179 3
77 115 36
169 194 25
6 32 6
153 161 4
51 57 28
63 174 11
23 140 33
5 28 1
112 183 5
17 103 37
131 168 2
47 119 26
110 152 14
65 176 7
36 181 46
67 125 48
91 179 50
35 182 28
50 62 36
119 134 36
41 57 2
54 191 46
46 168 12
46 71 30
3 146 37
46 172 26
60 194 5
103 149 4
38 70 5
101 130 37
71 142 18
61 82 44
142 164 16
120 133 39
102 151 47
103 188 28
108 198 18
24 157 47
10 59 30
29 184 11
124 197 37
39 90 8
106 141 4
14 83 22
118 156 44
39 96 13
82 163 16
114 168 15
2 147 19
23 151 17
125 150 2
41 53 10
68 95 37
5 97 26
67 169 38
6 98 20
60 97 20
124 151 10
36 77 29
13 198 5
33 42 50
150 189 24
103 153 14
14 198 29
48 145 48
153 184 32
41 163 30
100 198 48
78 87 29
52 173 45
117 198 36
120 140 27
116 163 44
116 185 24
54 109 10
16 198 36
9 50 22
71 157 18
25 36 3
32 119 33
108 127 15
19 65 47
168 199 16
110 137 45
7 40 2
68 165 2
118 143 30
56 151 17
43 152 6
12 97 22
161 194 45
82 138 23
48 92 36
93 151 43
128 169 17
5 146 15
43 101 1
45 127 26
12 150 26
183 197 23
42 110 46
39 98 7
16 67 22
148 180 34
2 95 30
32 36 5
75 103 25
47 112 14
154 197 12
45 169 33
9 71 30
2 5 42
35 176 43
22 114 11
34 183 43
108 167 32
80 165 6
78 103 29
41 100 11
14 96 4
53 159 24
61 75 49
161 171 25
20 113 23
113 126 6
37 110 43
187 193 41
95 185 20
54 143 17
9 17 33
69 168 32
38 133 44
91 134 37
173 191 14
143 170 14
149 164 6
56 102 38
30 156 30
13 25 3
51 59 40
61 144 11
97 118 29
85 160 32
74 129 19
125 182 6
17 156 21
5 101 26
64 100 13
145 190 32
130 154 21
42 50 34
165 197 40
15 107 37
99 193 11
23 169 1
120 151 37
119 194 5
59 182 20
77 171 11
51 104 38
79 94 48
9 39 31
83 157 9
149 197 24
19 192 34
158 163 28
76 194 34
108 154 26
85 115 47
38 152 17
146 191 19
102 157 22
48 140 3
19 38 31
74 120 5
50 118 14
178 195 13
121 124 22
122 183 21
7 195 18
15 81 31
43 117 8
13 67 1
23 28 45
3 130 2
173 183 19
47 99 31
3 192 38
13 28 42
163 180 25
88 152 5
38 60 20
4 85 43
16 162 43
100 122 16
35 184 28
4 64 44
108 109 5
181 186 45
63 126 15
19 94 33
105 111 49
136 142 39
103 156 25
36 87 6
193 200 26
93 134 6
90 114 30
17 24 23
5 127 40
74 131 2
97 193 43
22 78 29
84 170 14
119 123 22
23 61 46
78 167 4
43 55 12
49 120 9
178 196 43
45 107 48
154 179 16
129 162 37
21 135 41
31 133 18
28 169 5
181 184 14
3 87 28
78 156 4
170 196 1
51 78 25
115 127 27
51 55 50
20 163 23
89 124 24
84 127 44
76 170 2
20 90 15
56 126 40
117 158 2
161 173 13
51 148 11
35 197 10
64 141 9
163 178 12
76 121 11
87 122 44
38 75 41
89 152 17
62 140 49
43 98 11
85 189 44
58 172 39
38 142 19
42 145 42
20 34 31
14 31 5
15 20 44
1 200 12
152 162 8
43 155 12
10 125 3
2 12 25
62 90 22
34 51 13
140 185 29
12 48 24
23 95 38
99 105 25
126 142 45
57 119 10
150 159 1
120 198 23
115 139 45
47 49 21
4 55 49
5 14 31
87 109 25
31 182 25
79 132 9
39 91 19
7 156 34
31 166 16
78 160 17
2 72 12
61 126 30
18 179 30
34 163 29
100 102 38
44 99 34
151 160 13
143 169 35
141 183 16
83 165 6
140 144 23
52 112 3
82 97 7
122 146 33
6 85 44
95 198 49
34 126 17
24 193 23
105 121 3
1 196 3
8 60 8
16 23 43
101 113 15
61 156 15
46 182 44
62 118 36
43 80 28
140 180 15
43 169 11
7 143 46
28 198 18
41 156 6
68 152 29
107 181 28
13 68 11
76 90 10
111 197 2
106 118 48
30 88 3
10 96 13
75 192 23
111 112 5
36 41 4
13 101 11
3 42 48
12 17 33
63 68 10
70 173 31
97 150 14
133 198 12
106 109 22
84 179 15
16 200 21
107 139 47
60 147 20
116 167 32
32 66 40
13 48 45
70 141 45
57 123 48
135 190 22
57 60 49
92 95 16
31 54 48
25 163 31
93 189 42
8 147 13
34 91 20
73 110 34
6 71 3
72 93 46
9 151 42
28 86 39
80 107 18
9 60 13
58 124 3
25 38 14
113 190 33
62 152 38
58 99 26
105 120 23
100 156 45
25 37 3
71 168 45
41 83 47
62 176 43
141 153 24
112 124 24
11 180 44
88 107 43
115 182 42
120 189 9
15 194 3
108 110 21
21 39 12
75 124 1
174 183 28
83 189 41
71 149 26
29 47 38
120 162 21
53 178 21
47 162 15
98 189 35
1 38 46
93 194 24
112 115 38
101 110 15
11 52 24
45 149 30
24 152 43
110 177 41
86 109 39
15 112 40
24 166 48
48 161 9
108 122 24
4 68 2
87 165 31
4 152 6
89 114 39
8 145 50
42 155 9
39 40 5
99 188 26
1 164 23
124 177 14
125 185 35
26 143 34
21 197 10
8 141 37
2 61 42
72 169 41
98 132 2
55 118 18
17 32 47
70 117 48
65 199 24
126 139 31
2 91 24
85 106 44
60 200 48
24 100 42
1 44 20
130 197 3
100 139 23
91 184 30
32 154 33
53 57 3
70 137 45
58 106 4
170 188 16
26 102 47
119 171 6
107 196 4
77 99 38
34 73 9
31 39 47
44 134 49
19 193 11
95 131 42
12 137 20
36 175 35
19 119 12
150 160 10
26 147 27
22 154 45
130 200 49
29 177 46
47 152 26
103 186 19
78 185 16
65 70 41
72 156 18
139 147 24
11 14 11
97 128 15
3 55 5
137 200 18
20 127 17
77 87 26
72 133 18
59 148 5
16 97 46
12 176 48
136 137 25
97 168 12
67 156 23
110 133 40
45 49 19
61 96 44
126 196 23
64 153 2
49 193 45
90 179 45
22 175 13
155 162 32
80 140 34
111 115 25
102 137 27
39 84 8
17 132 8
17 150 49
114 172 43
2 24 17
71 127 13
142 146 11
15 71 36
72 118 3
101 136 2
153 162 33
11 170 16
35 64 16
73 124 14
36 153 16
132 136 48
63 95 28
31 194 16
156 196 39
92 99 50
131 150 9
38 109 34
60 121 9
159 189 34
71 151 14
1 112 43
27 165 24
136 186 28
121 176 21
10 108 3
167 194 44
33 185 5
50 140 37
25 33 41
57 93 6
110 111 27
20 130 48
76 180 25
39 160 43
25 119 40
32 139 46
139 164 22
37 77 12
46 143 45
103 195 21
18 37 17
80 110 12
17 137 49
56 175 14
180 195 9
99 141 47
161 198 47
33 72 13
115 155 3
43 125 22
9 69 12
85 161 18
131 171 2
22 44 12
52 57 6
77 131 8
59 190 18
93 144 4
124 158 15
99 108 24
4 143 47
176 199 8
85 171 12
4 29 39
72 199 48
135 175 34
6 37 49
17 178 40
18 93 42
114 138 7
49 104 23
19 176 20
5 155 11
53 180 30
107 142 25
175 178 29
21 54 30
176 191 21
144 191 19
83 89 48
27 142 14
72 158 27
35 148 10
17 164 9
38 129 30
102 194 2
50 56 21
5 32 1
126 152 11
16 35 5
93 168 15
22 55 4
6 179 2
32 152 47
10 45 33
50 85 20
6 89 15
76 179 40
66 130 31
89 107 22
135 174 16
108 116 39
170 191 17
54 102 25
62 124 41
3 33 26
1 116 32
9 102 5
25 90 25
153 176 17
42 127 1
54 81 45
80 112 32
77 100 16
69 106 43
13 65 19
48 68 46
38 118 24
85 194 48
84 92 9
74 178 2
141 145 4
64 89 13
4 37 50
14 151 22
135 138 44
79 87 28
14 59 42
122 182 25
66 198 4
54 71 42
47 59 9
116 142 32
37 192 28
15 118 30
130 184 33
44 160 49
34 56 33
104 165 34
37 98 23
35 181 26
104 173 48
112 182 37
14 48 25
73 167 16
52 88 3
41 160 35
86 174 2
4 83 32
22 58 7
34 59 49
93 156 25
77 106 12
103 168 41
10 181 4
35 97 7
29 78 23
3 118 39
75 134 37
115 171 21
79 197 15
90 165 9
8 48 23
31 70 24
15 60 27
92 121 4
132 145 13
106 155 49
76 81 37
126 127 6
52 109 39
149 186 4
136 162 39
98 111 16
15 133 43
26 187 13
35 96 27
74 110 7
54 98 11
8 184 41
156 187 13
86 128 40
65 76 39
11 34 34
167 185 28
33 92 34
78 128 19
16 34 2
159 186 27
144 156 29
52 124 2
42 177 1
146 168 29
59 126 18
7 45 35
58 156 37
22 157 30
47 55 20
1 2 21
120 168 15
19 30 39
157 160 45
114 194 10
121 153 45
116 165 50
108 194 32
157 199 40
20 136 4
57 182 50
177 192 29
77 91 30
5 200 46
1 158 35
107 123 1
54 200 21
28 79 32
10 93 13
175 190 4
118 195 1
38 178 25
99 122 3
74 196 33
5 23 15
80 85 12
124 186 50
67 68 43
128 171 34
97 136 24
42 47 5
84 160 48
79 91 48
84 119 24
23 31 35
157 167 33
53 149 2
112 166 45
35 170 35
51 175 25
86 184 10
67 148 10
125 153 14
158 180 10
50 157 18
134 140 14
96 171 35
107 182 9
68 73 29
85 172 39
179 191 28
32 142 17
52 157 21
110 172 26
24 184 36
141 158 45
51 154 43
69 98 8
120 132 31
44 145 46
14 65 9
85 195 34
11 54 14
75 133 38
40 184 25
10 36 33
138 177 32
39 129 36
145 148 40
137 159 50
38 119 42
37 96 21
49 102 38
168 188 44
111 159 13
58 101 27
11 107 10
31 189 7
13 167 25
8 171 41
123 192 23
21 100 24
23 121 19
15 179 14
38 39 22
172 197 32
79 106 39
8 51 45
86 125 35
98 128 40
83 108 43
95 192 38
123 149 11
114 162 35
15 40 1
17 35 14
6 15 32
47 115 23
88 178 34
59 91 24
4 36 26
10 39 50
77 104 26
88 159 43
18 100 47
27 51 36
40 146 17
13 182 34
117 183 44
87 136 2
64 73 37
32 55 23
42 70 33
63 96 14
9 27 31
102 181 45
146 157 38
9 189 6
40 185 42
21 152 27
23 130 27
146 180 38
25 161 42
2 161 4
102 119 47
21 165 6
30 200 39
72 180 45
26 92 43
191 200 25
58 180 1
110 158 28
13 116 7
73 168 44
70 98 11
134 164 24
26 44 45
93 161 27
2 13 9
26 154 43
130 138 16
56 57 39
5 119 30
96 188 2
86 122 8
104 178 44
48 100 47
36 122 30
15 116 12
109 185 27
75 100 9
150 181 32
131 142 30
132 159 14
147 160 20
144 183 3
87 88 22
85 198 14
31 112 44
61 119 12
89 130 48
23 128 4
121 193 28
27 191 28
104 177 8
11 92 32
55 148 31
45 67 33
10 97 47
55 174 50
140 189 46
110 113 4
15 156 46
15 80 26
58 110 21
59 189 4
70 124 3
36 158 44
5 123 24
160 163 1
122 164 1
51 190 3
115 117 26
12 162 30
66 79 41
5 105 16
25 39 41
13 23 1
64 180 45
102 120 14
72 81 50
14 20 30
20 200 12
7 14 46
144 179 39
21 189 28
93 113 22
127 155 41
17 45 30
125 196 50
73 186 41
70 192 23
152 157 3
158 184 49
10 21 14
158 175 11
30 181 27
114 165 39
146 160 49
11 104 9
71 138 44
101 147 2
122 136 30
32 86 32
108 162 49
84 107 42
75 200 50
52 190 12
56 155 26
92 167 16
83 174 34
141 175 44
31 56 48
146 190 4
9 15 40
91 96 42
31 52 11
46 115 22
48 136 20
22 136 32
113 147 23
39 197 9
12 112 42
162 187 2
82 128 12
4 93 20
70 197 49
72 152 7
53 104 14
82 113 43
59 171 21
2 66 46
29 54 18
61 147 6
15 66 50
47 128 6
26 46 23
52 166 3
86 179 40
189 197 37
3 142 30
144 170 43
123 173 45
88 128 18
97 121 16
62 175 40
62 192 35
9 199 39
10 145 24
5 90 32
116 175 11
80 162 16
21 92 50
58 113 23
156 199 9
22 33 39
110 155 16
167 171 7
171 176 16
117 120 32
101 192 25
48 137 16
23 59 24
58 116 46
46 53 48
129 153 17
123 158 23
51 87 24
38 62 28
23 92 17
112 144 3
51 181 20
2 27 16
124 141 16
127 197 25
30 104 10
5 6 8
48 77 41
42 162 32
76 115 18
151 199 13
104 144 28
7 12 35
15 54 47
101 163 1
7 194 25
99 196 21
10 184 47
115 177 49
78 108 43
141 192 3
94 141 16
42 55 42
100 181 50
115 179 30
129 171 36
173 194 46
77 107 13
61 81 33
104 149 44
28 192 40
21 26 29
32 35 16
108 183 44
60 63 45
77 155 13
140 183 18
35 180 21
106 175 39
39 116 6
47 190 11
66 178 26
49 61 4
168 169 41
75 80 30
81 90 1
64 164 42
19 56 21
48 49 31
125 156 40
168 183 32
17 93 44
56 199 13
52 169 49
76 122 37
6 12 17
28 163 41
65 86 28
29 94 30
8 175 33
61 200 41
112 147 44
167 197 13
31 72 8
41 183 11
126 168 1
8 127 35
125 152 20
15 114 17
69 176 9
103 120 33
23 98 35
39 48 36
3 152 34
32 102 50
2 80 2
35 92 15
146 185 22
131 184 39
96 177 17
4 26 39
39 79 47
124 176 44
7 180 24
49 180 11
82 151 26
134 162 46
6 122 4
112 143 16
33 142 46
174 175 23
64 71 1
145 153 19
33 63 37
124 161 37
107 113 23
137 175 43
55 67 20
87 142 31
48 178 47
45 151 50
6 67 45
66 83 44
78 192 16
161 196 40
81 175 9
141 166 35
128 154 19
4 32 39
26 121 19
88 161 43
65 196 18
82 83 1
39 195 25
38 173 12
54 80 45
158 196 47
34 52 1
79 92 20
172 192 16
1 151 26
75 135 3
7 26 12
84 104 21
45 182 7
77 79 15
34 128 48
4 45 28
135 143 50
94 127 35
53 199 36
98 140 33
15 47 38
87 176 22
44 127 7
43 149 21
176 179 11
22 186 50
2 176 41
7 164 46
105 182 9
80 168 31
65 111 40
67 69 28
15 189 14
30 161 5
21 84 7
106 186 39
60 134 25
5 186 7
51 172 35
82 160 7
181 196 2
118 162 23
54 67 19
26 129 22
78 174 12
95 189 14
59 73 9
78 184 46
109 181 19
54 134 32
2 97 33
61 63 45
13 133 42
48 63 29
65 148 23
30 190 45
137 187 25
146 164 12
16 31 40
102 169 3
25 133 41
95 167 11
17 54 44
135 185 9
73 171 34
10 30 22
10 22 17
66 119 20
92 164 47
8 63 3
67 170 45
111 130 45
13 92 19
74 135 5
151 154 10
79 127 29
73 84 36
8 172 30
5 167 12
14 145 12
24 183 12
128 182 6
148 169 37
67 177 4
14 127 1
17 21 16
92 190 39
141 182 40
55 109 22
14 73 24
162 199 32
116 181 22
65 69 27
8 17 42
57 132 44
124 165 14
61 123 36
149 174 23
31 44 15
33 155 4
70 174 4
79 124 30
72 122 46
23 47 50
103 136 49
16 167 9
111 183 41
70 82 25
91 133 7
73 98 37
143 147 41
131 154 11
130 142 9
7 139 2
75 117 35
79 170 7
118 152 12
40 112 22
28 103 43
32 109 34
28 102 27
11 150 44
107 159 41
56 152 12
16 61 24
54 195 13
156 191 47
156 161 5
84 165 10
38 87 38
2 184 4
8 112 39
181 185 49
82 186 10
7 110 22
75 160 25
88 90 29
72 176 28
141 155 7
94 104 40
152 175 12
63 132 32
19 41 34
31 197 43
11 19 32
60 104 25
56 154 2
122 150 25
91 198 9
100 128 32
43 124 29
66 101 13
16 165 17
55 141 45
109 173 4
84 101 24
101 151 13
44 176 25
69 158 33
145 162 13
140 194 50
25 83 31
169 170 18
162 164 33
65 139 9
9 49 41
42 172 28
85 176 19
117 171 27
60 80 20
152 195 14
80 181 22
109 170 30
22 37 21
48 174 17
29 67 27
6 199 25
16 113 29
27 135 21
136 141 2
26 142 44
65 143 42
13 17 2
127 190 48
50 78 49
6 170 32
167 200 36
188 193 2
165 178 31
20 88 9
30 160 9
5 165 31
17 87 39
16 159 35
99 177 20
46 126 37
98 138 7
115 137 1
81 193 39
139 168 34
82 161 19
164 171 40
23 87 5
76 113 48
139 180 50
90 116 41
63 186 40
90 190 21
160 185 31
86 121 10
58 93 2
72 181 46
5 55 29
77 108 7
3 71 17
13 168 9
101 104 22
108 186 8
134 173 8
61 163 50
48 155 18
13 199 20
132 172 27
46 154 19
32 160 2
37 42 6
118 155 19
24 36 33
7 54 39
40 180 20
3 196 36
74 137 30
142 162 1
23 77 26
3 187 40
71 165 2
66 75 29
10 146 48
1 193 45
25 157 30
19 68 32
6 21 18
66 171 6
96 186 26
155 168 12
77 143 3
134 165 25
71 158 34
29 63 6
8 132 15
9 132 11
34 80 20
14 85 33
105 126 43
7 191 24
174 197 15
83 102 41
9 41 16
24 178 31
62 100 4
10 43 25
21 27 27
9 179 22
125 169 40
13 27 12
131 147 9
22 192 38
69 86 11
33 90 23
124 156 39
110 141 30
83 200 18
134 144 4
31 187 43
126 163 3
128 175 32
64 70 17
20 182 40
126 186 40
103 182 2
27 37 28
28 94 12
106 169 18
129 130 12
38 95 21
5 16 21
97 125 26
22 81 4
88 134 5
13 137 18
22 53 13
121 188 13
133 159 20
82 154 40
32 117 18
52 77 44
52 192 8
3 22 8
44 142 12
86 134 38
52 113 18
95 96 47
156 181 14
72 148 16
110 129 9
30 82 14
52 130 7
18 108 43
132 150 9
22 131 43
32 108 42
5 164 27
172 186 34
144 166 5
8 186 12
135 192 11
51 111 47
5 151 19
129 184 38
105 115 19
37 46 18
1 143 34
18 171 41
138 172 28
137 167 39
117 187 28
11 189 17
172 196 42
123 159 25
87 140 14
93 122 11
62 156 30
44 46 3
104 168 27
119 139 49
7 95 50
113 137 29
24 119 38
93 169 40
147 200 46
106 148 23
78 107 22
46 91 33
88 174 14
30 141 38
154 184 31
2 26 16
5 10 20
53 169 29
107 140 45
23 51 38
27 55 12
48 132 10
5 131 6
2 79 19
91 197 8
192 198 24
81 103 46
43 91 9
89 120 42
94 153 24
84 112 9
21 69 20
111 113 49
143 162 34
3 170 17
90 107 10
8 68 34
97 195 35
174 180 49
127 184 41
66 94 36
24 154 38
110 124 7
15 163 31
111 152 14
64 142 9
45 161 50
51 108 36
5 76 37
82 119 7
49 179 14
91 115 29
50 114 39
138 157 25
86 198 20
37 111 9
86 146 44
182 200 31
85 173 15
90 91 42
79 199 44
49 158 38
70 78 24
31 35 12
74 152 1
131 159 41
44 72 36
67 145 35
78 93 40
78 112 13
59 192 42
23 90 21
22 139 38
4 115 31
82 112 31
80 91 7
33 140 15
102 188 22
128 191 3
27 75 9
4 35 38
116 194 36
95 181 1
21 126 47
28 150 13
71 95 1
150 161 5
78 120 6
186 191 7
142 182 29
11 130 31
48 173 17
153 172 15
54 97 25
90 189 32
14 165 24
128 143 5
22 120 32
155 158 38
15 127 11
37 102 23
17 41 14
10 109 41
25 44 37
13 40 32
10 11 43
37 168 25
45 187 2
30 41 8
1 107 34
7 177 25
140 192 15
70 112 12
95 121 33
15 44 41
130 195 17
97 140 37
66 84 23
38 121 35
74 102 38
3 166 18
78 194 26
34 195 18
131 164 16
128 195 35
156 172 31
21 79 8
1 17 43
111 153 48
46 158 50
7 171 15
72 192 14
95 107 20
26 161 22
38 186 5
23 109 7
41 146 20
87 158 7
2 54 39
22 88 6
145 170 26
17 162 2
104 160 7
120 141 29
48 84 32
16 163 12
7 68 39
52 54 50
62 181 8
28 139 37
37 197 4
38 80 1
58 73 38
14 54 41
74 195 19
70 177 20
2 178 38
30 117 32
22 112 48
188 197 18
151 192 12
45 130 10
14 164 46
62 193 32
14 66 21
33 49 7
10 87 28
114 183 30
5 37 43
153 173 17
131 156 38
115 124 26
146 170 34
109 135 33
101 186 13
3 188 41
89 169 33
122 130 29
95 104 25
24 128 23
154 200 15
131 146 19
87 141 46
59 150 18
43 71 23
103 115 2
76 159 24
97 132 10
12 62 23
65 188 20
64 175 7
60 81 5
126 171 38
61 199 48
82 170 43
3 127 14
85 196 16
66 136 37
11 179 32
43 73 14
146 179 36
85 92 33
124 199 3
40 53 9
83 179 44
162 175 8
64 148 5
43 146 36
36 98 18
102 164 34
132 163 24
161 192 11
8 82 12
127 142 15
46 122 37
18 20 48
32 165 15
35 108 45
1 66 10
171 191 15
21 101 32
133 156 43
39 172 3
3 41 11
58 77 34
19 133 5
18 85 35
47 72 33
39 123 16
46 82 30
32 44 23
2 181 7
159 180 46
53 200 48
103 175 20
10 81 44
19 69 29
62 180 9
67 192 23
60 174 40
28 108 2
44 113 6
13 70 35
54 87 50
51 71 13
73 90 39
116 173 4
82 107 21
63 109 27
105 162 49
104 198 29
12 125 45
99 195 45
128 163 45
18 69 18
100 166 33
110 168 7
186 194 10
19 163 12
118 154 46
48 103 34
59 195 13
71 81 23
77 145 36
119 133 3
15 167 3
67 71 39
75 197 22
50 82 40
56 120 30
33 80 13
40 88 30
96 157 43
111 196 9
6 83 27
29 111 24
32 135 15
95 155 33
27 94 21
79 166 21
31 186 9
121 143 15
130 147 26
56 200 44
75 106 24
116 128 41
19 113 25
19 78 8
151 172 37
61 83 49
146 167 35
7 101 30
7 123 39
54 119 31
124 148 40
28 143 4
8 38 10
55 117 43
138 183 38
87 170 6
13 157 11
97 120 31
134 137 26
11 140 23
70 129 35
75 168 5
47 91 47
20 191 28
34 156 25
66 176 33
46 145 30
130 177 42
3 143 21
38 170 3
80 82 31
95 153 21
56 123 17
4 79 25
55 64 32
38 69 19
1 6 18
111 175 34
7 62 43
49 103 36
89 105 41
143 155 45
109 142 14
3 121 30
77 178 37
86 107 35
78 188 33
110 153 2
4 189 8
66 183 40
121 131 40
127 173 48
17 33 15
83 138 23
66 143 1
28 70 19
146 148 1
12 99 4
79 192 41
82 131 4
25 53 26
52 89 18
56 144 12
37 173 40
103 139 39
17 138 29
181 182 5
58 102 27
144 162 13
41 90 33
142 151 50
3 4 3
61 100 36
45 174 4
23 154 41
72 117 32
105 194 21
30 118 31
102 134 19
5 183 48
60 86 40
25 66 28
138 192 12
44 91 3
65 71 42
9 36 6
5 188 1
107 117 32
111 145 39
1 10 12
13 109 41
133 163 3
142 148 35
45 116 4
44 182 47
37 121 3
71 137 46
55 137 9
147 183 24
5 62 39
128 147 11
13 54 27
90 124 40
50 54 7
66 85 8
109 171 20
75 153 11
90 194 18
33 64 45
44 114 16
86 104 35
16 153 15
5 174 26
30 40 22
66 89 2
42 52 45
39 185 31
114 190 40
18 42 5
38 40 37
140 155 14
39 94 1
87 188 34
21 97 6
13 32 31
70 171 33
85 157 14
13 60 16
72 167 3
21 78 37
81 198 17
44 191 31
58 127 21
161 186 44
43 160 24
17 190 27
28 162 38
107 166 12
87 134 1
43 142 20
85 143 13
59 169 47
35 177 32
28 101 7
130 137 45
60 135 29
171 177 23
94 145 15
6 175 32
46 167 26
1 61 22
53 176 6
44 95 40
8 61 30
78 151 19
28 52 37
5 73 30
44 101 9
51 67 36
80 102 8
40 63 39
42 115 45
53 72 23
105 159 39
17 44 22
30 33 34
79 88 3
89 187 40
6 183 8
61 167 37
14 95 26
125 161 31
41 50 9
73 136 7
107 180 35
49 84 44
81 162 49
109 164 29
117 179 42
127 189 7
68 76 41
8 164 5
152 189 25
118 126 49
72 190 28
54 187 8
92 179 40
27 47 1
7 190 31
66 100 1
110 123 31
39 105 29
112 114 16
70 125 46
45 176 45
132 140 8
3 48 1
17 198 6
93 105 22
117 118 9
3 185 45
12 141 30
21 124 2
81 182 47
96 137 16
63 163 47
165 182 45
6 194 5
16 51 6
12 144 37
59 187 4
72 189 20
131 170 14
112 136 15
52 96 13
7 27 16
96 105 36
64 158 43
152 166 42
167 188 22
1 5 35
92 168 2
61 84 4
66 149 4
111 116 10
37 97 22
17 107 27
119 130 21
18 184 38
50 115 32
76 92 2
157 170 35
8 135 34
85 167 17
74 170 4
97 177 19
158 179 7
89 166 41
14 64 28
9 67 13
27 121 1
27 76 20
20 41 15
50 61 32
16 105 45
55 133 14
51 195 23
7 55 42
18 180 18
71 171 9
1 105 36
45 118 2
66 80 15
27 152 7
106 181 19
108 153 12
58 198 48
44 156 2
178 199 27
129 191 30
40 90 41
28 111 37
9 143 40
11 145 43
167 177 41
41 167 33
4 40 14
4 65 48
125 183 38
16 130 32
98 166 13
67 128 38
72 75 33
7 112 28
20 83 34
45 96 11
83 192 13
112 127 32
99 131 41
40 175 33
55 108 1
7 120 18
6 145 21
185 187 14
89 184 41
66 118 47
164 191 10
45 141 34
120 158 46
98 103 47
62 65 33
75 79 11
69 90 39
93 180 27
29 132 27
47 73 36
125 175 43
193 199 15
22 64 43
128 137 20
64 199 12
4 174 20
49 123 8
184 189 16
133 181 27
138 168 46
106 177 11
121 172 2
123 165 26
37 191 25
29 50 50
90 134 41
106 180 13
13 164 37
74 182 36
28 115 32
113 173 36
137 163 10
35 48 9
30 129 34
50 106 43
26 118 48
8 191 9
131 138 16
60 126 3
5 24 22
27 177 10
163 176 44
147 158 35
28 147 36
109 196 11
12 28 6
119 132 19
106 156 49
53 71 7
65 171 44
113 193 32
80 146 8
28 31 45
34 58 7
99 199 50
148 156 39
123 128 20
88 116 17
183 200 7
9 147 41
65 138 26
22 124 44
102 154 41
109 161 7
108 178 8
94 180 27
57 113 46
90 176 40
19 28 36
38 113 33
17 161 48
27 178 20
29 133 12
93 164 28
62 87 26
134 176 18
11 45 22
10 101 4
34 45 47
54 163 42
66 170 12
18 68 21
12 47 32
1 40 19
28 100 42
82 165 29
18 56 22
162 185 9
33 70 18
33 193 12
3 189 24
89 194 32
33 40 32
45 109 39
161 165 33
131 188 34
5 134 17
32 116 28
60 138 7
184 188 5
14 116 18
54 125 43
3 160 6
32 178 38
109 156 2
9 125 32
134 187 49
110 132 21
16 64 40
196 198 31
23 152 20
36 184 8
73 192 18
1 59 2
35 44 17
13 197 2
130 139 44
51 76 23
194 195 21
87 155 49
17 48 3
35 65 43
119 129 40
32 147 19
32 39 15
35 123 2
6 123 22
65 149 7
50 184 43
9 146 21
3 9 50
45 192 40
66 97 40
101 174 18
37 124 23
1 81 47
168 193 18
60 100 33
60 78 28
124 132 25
23 85 35
48 172 20
95 196 33
3 54 29
74 99 34
173 196 39
52 133 19
49 188 6
22 31 20
39 92 15
80 160 17
16 183 12
42 176 15
17 82 2
50 166 11
69 130 23
170 198 44
55 78 37
43 170 10
34 87 50
51 141 30
124 125 21
95 171 29
50 170 49
100 186 20
19 127 36
51 156 10
124 139 49
26 66 24
80 158 48
6 163 25
90 127 10
59 99 12
108 120 23
108 157 41
23 148 32
59 193 12
5 31 38
93 174 48
17 134 3
64 150 14
35 43 47
175 186 18
64 163 21
16 17 44
171 200 15
79 167 48
184 186 8
109 189 31
42 198 6
67 115 7
14 130 11
33 190 11
116 118 45
56 170 28
13 57 27
144 153 10
53 73 39
56 108 37
66 92 17
12 44 40
62 171 25
77 195 13
2 96 14
22 52 5
9 197 40
63 136 32
53 139 7
71 179 22
69 169 35
94 151 39
99 136 34
94 186 12
50 156 28
7 136 15
70 144 11
24 74 45
192 197 47
58 146 48
4 39 43
136 160 48
103 130 43
149 172 35
8 49 46
143 177 33
6 78 34
99 181 17
44 131 18
9 101 2
1 86 15
114 147 20
92 108 10
47 157 11
77 141 23
44 93 19
14 182 13
181 191 41
57 172 34
57 178 31
67 175 47
98 168 11
40 61 9
17 29 18
30 169 9
88 93 48
13 126 47
25 174 25
40 115 23
114 192 26
141 156 24
20 168 11
45 154 38
150 179 19
50 174 9
86 173 2
64 173 15
62 129 19
133 189 47
29 113 37
74 185 18
97 158 31
15 154 9
84 88 19
21 138 40
91 145 36
65 184 46
86 136 9
15 145 32
16 54 21
134 169 14
29 109 10
87 175 26
21 164 9
89 168 7
139 161 38
37 91 29
40 143 16
25 197 11
89 167 50
31 32 47
69 131 34
59 115 23
51 54 18
27 54 39
120 142 22
21 155 48
55 194 47
30 51 20
98 153 50
6 11 24
81 87 39
92 186 10
160 162 44
52 136 33
78 149 35
139 144 44
78 145 45
100 103 2
124 180 18
26 91 15
32 80 45
82 174 39
63 89 3
11 191 5
42 144 43
22 86 39
55 140 43
19 55 28
32 82 40
15 58 23
159 164 24
152 158 3
35 142 15
3 44 19
111 169 49
71 176 36
67 106 3
18 74 2
104 193 48
14 178 11
20 69 47
98 195 13
67 112 49
98 162 35
55 180 24
101 122 50
15 181 27
127 135 3
13 149 30
47 171 40
91 159 30
40 85 4
118 169 44
73 119 4
36 96 9
17 63 38
49 167 30
150 168 38
136 168 11
66 114 30
10 91 38
120 195 14
2 113 2
26 71 8
27 46 43
87 115 15
30 130 25
180 194 37
111 119 11
53 187 27
27 108 41
177 178 19
120 125 18
34 96 33
95 187 44
56 145 28
50 88 7
126 197 10
62 68 28
8 190 48
10 176 3
163 179 27
176 188 35
34 130 48
27 172 38
85 108 34
46 159 20
11 94 34
8 166 44
78 102 14
51 77 14
149 191 18
57 87 44
96 146 19
15 129 8
109 121 41
123 190 14
159 160 24
66 113 28
10 141 48
98 150 40
65 108 25
137 186 15
86 119 5
47 193 40
47 198 49
25 176 31
90 168 48
108 169 39
60 120 38
2 9 34
92 96 8
82 155 31
3 100 11
43 196 2
20 119 49
128 156 23
111 181 5
47 153 42
6 150 1
64 127 49
50 172 8
84 180 34
1 183 34
138 190 29
35 85 25
54 184 33
139 196 39
53 95 30
100 195 7
41 151 40
119 181 23
46 177 16
20 104 22
24 82 41
11 167 2
113 116 25
50 76 37
37 172 7
68 137 38
27 98 46
57 117 38
140 182 47
10 168 3
21 41 22
69 184 47
84 125 41
22 23 23
106 157 1
76 91 27
69 165 32
86 185 48
30 72 34
107 178 42
44 171 36
151 174 24
56 178 25
22 116 27
25 60 5
117 150 1
13 59 40
45 160 25
71 185 45
118 163 24
1 104 38
7 160 7
124 193 10
26 111 20
61 174 36
43 83 45
31 87 26
23 64 48
6 84 11
22 26 45
64 192 31
133 176 31
6 143 18
136 189 36
73 125 15
66 162 18
118 147 5
122 199 20
19 141 37
75 77 19
20 195 8
4 190 9
21 178 43
73 164 2
105 119 36
39 148 35
29 151 29
125 128 48
114 136 2
90 158 43
13 136 15
79 173 36
17 98 40
22 68 47
41 45 2
69 172 37
108 121 28
82 136 27
34 119 6
56 135 43
171 196 34
1 8 8
107 162 12
113 179 3
70 120 10
123 161 34
40 57 36
44 75 40
9 25 27
57 171 2
51 199 48
42 43 3
10 190 13
2 120 32
116 166 47
80 173 43
32 45 27
4 140 19
12 69 45
136 153 26
53 86 16
25 64 14
2 134 30
4 156 27
117 181 44
20 106 2
5 160 6
153 192 44
70 111 23
45 177 1
57 77 44
16 180 40
91 196 2
35 95 14
24 118 23
153 191 16
131 199 33
53 89 27
85 127 13
35 196 3
94 192 6
27 167 23
16 95 48
162 196 50
43 185 3
15 74 24
38 171 42
87 192 32
22 151 13
20 142 4
48 114 23
3 38 45
68 181 15
5 132 21
26 113 32
92 131 13
126 132 23
67 190 9
18 57 32
45 68 23
27 103 19
32 151 15
64 82 25
175 199 24
49 87 24
3 39 38
84 103 39
98 163 34
102 113 38
68 99 1
57 128 26
65 123 38
12 120 10
95 98 47
28 60 9
17 66 23
48 56 48
61 157 11
67 172 4
51 129 38
120 200 16
74 84 23
104 137 26
95 191 19
83 187 18
5 185 23
34 69 5
5 120 7
59 102 7
26 39 13
21 33 4
17 38 20
9 19 20
6 42 50
107 179 31
105 174 19
89 157 23
59 184 7
116 190 14
45 178 12
15 165 20
125 136 43
11 71 42
46 185 43
6 14 31
138 144 4
136 175 13
57 98 28
46 137 17
127 134 38
21 177 35
75 132 10
27 53 15
12 32 46
3 131 7
17 189 40
155 170 1
49 127 30
138 187 10
26 146 3
37 169 44
28 175 19
51 96 46
112 193 38
15 104 12
74 104 35
81 112 13
161 189 25
42 91 49
22 197 10
58 105 25
51 99 27
139 167 39
66 192 38
106 149 33
148 193 24
32 73 45
104 154 50
87 131 34
118 166 32
70 187 33
1 150 1
53 145 37
20 78 40
146 149 27
131 153 21
3 92 26
91 200 1
17 58 17
25 144 27
70 199 10
1 198 7
24 89 45
39 150 31
56 163 10
132 193 39
83 144 5
68 160 27
19 40 15
35 135 1
174 186 29
141 178 45
12 20 23
96 140 5
49 147 19
125 159 46
55 185 14
76 128 27
30 198 17
159 166 23
113 149 11
35 117 24
117 126 12
26 158 18
25 55 36
12 77 22
55 129 29
13 156 9
4 95 38
65 174 13
39 43 12
126 184 48
151 196 27
57 103 34
46 139 18
124 184 6
39 119 48
32 58 21
179 180 26
58 142 16
113 172 2
2 106 24
135 146 50
156 169 17
100 187 46
22 182 40
179 195 31
36 48 40
87 172 39
47 83 32
33 91 26
116 149 6
41 43 38
17 47 7
6 181 50
123 145 5
90 102 8
8 37 27
49 118 38
47 125 37
192 195 50
173 177 3
89 100 32
7 59 47
15 21 24
54 127 13
43 118 20
99 103 44
129 138 38
117 149 9
20 198 34
12 134 38
77 123 28
188 200 19
2 180 38
12 30 47
148 176 34
66 106 10
43 179 37
17 117 12
27 62 44
105 140 16
104 146 47
56 86 3
4 163 4
46 51 13
82 171 47
133 185 24
5 8 18
18 70 35
2 151 8
93 95 7
21 196 19
78 83 34
10 105 48
63 179 13
77 152 32
148 166 30
99 118 11
32 125 47
24 39 25
13 130 27
25 188 29
101 168 22
40 103 31
83 93 21
5 38 15
111 149 4
62 84 21
75 165 4
137 173 23
126 188 39
132 200 38
20 134 31
101 150 30
87 95 13
36 179 28
100 133 38
45 146 26
166 195 12
83 171 48
63 104 50
185 195 2
2 116 13
106 185 27
46 179 10
87 191 28
52 189 28
98 106 19
104 128 31
141 197 36
24 78 40
45 108 14
77 130 16
21 76 2
6 40 26
63 127 37
42 128 42
11 121 10
84 159 12
131 193 15
13 188 39
24 172 34
19 20 1
103 155 21
64 167 40
97 167 46
85 136 3
13 51 35
162 171 45
128 133 39
75 162 24
37 106 26
100 157 12
138 141 29
73 85 2
122 158 47
132 158 50
185 192 37
33 151 9
9 171 37
57 99 33
102 200 30
20 53 29
22 92 9
31 137 2
21 59 41
21 174 2
46 59 42
19 160 39
8 83 18
65 104 50
44 105 28
83 156 13
30 49 14
20 70 47
134 194 22
43 107 42
89 198 20
26 175 7
115 176 3
89 94 34
1 20 14
106 153 19
28 51 11
19 66 47
40 55 35
24 98 20
35 107 26
2 192 46
11 157 31
79 148 49
113 115 5
50 163 37
56 160 17
63 157 8
58 59 44
81 107 45
73 183 43
17 182 47
69 154 48
94 135 25
1 91 9
48 52 5
69 74 38
37 195 3
52 152 46
11 131 38
99 112 50
24 63 3
4 105 2
30 123 36
9 128 20
163 165 38
116 153 44
68 93 40
27 197 47
51 169 28
81 155 44
22 48 20
97 200 21
159 199 22
3 106 43
119 158 3
99 148 37
83 85 39
70 102 11
10 64 19
10 76 35
19 149 20
129 149 28
56 185 27
37 90 36
108 134 26
55 110 41
127 137 9
69 198 13
107 118 16
60 173 38
107 135 30
185 190 31
68 86 7
9 144 49
137 160 19
20 95 23
71 191 42
32 167 46
48 138 39
137 166 37
153 197 2
6 48 8
99 172 25
50 103 21
97 153 15
6 8 50
31 43 44
11 158 14
25 165 5
51 140 20
145 193 26
55 131 28
22 171 7
74 186 15
58 104 43
128 179 28
102 176 38
99 161 8
78 200 33
6 167 12
141 179 27
161 168 12
70 150 34
18 76 29
27 57 17
56 103 31
117 155 26
63 92 44
50 73 48
115 174 7
98 194 13
80 130 24
87 149 33
71 97 27
89 190 42
7 28 30
110 167 26
34 93 11
34 116 22
34 181 11
19 73 3
89 106 8
27 158 38
84 147 34
28 65 9
140 154 43
112 146 5
19 34 19
2 56 10
39 124 13
46 74 15
80 86 12
138 195 16
36 110 22
62 191 23
69 155 4
124 159 4
27 155 8
4 200 43
79 109 17
48 90 4
111 147 21
3 15 40
101 139 29
52 187 17
58 175 48
45 75 39
44 188 29
35 54 27
7 103 28
179 182 44
22 101 29
16 28 35
44 85 49
77 182 3
124 163 18
6 176 48
67 119 2
1 170 29
5 93 27
84 194 32
69 134 34
39 140 48
33 83 15
37 47 36
89 186 27
67 135 44
18 160 26
114 152 32
161 176 16
96 167 25
94 138 41
125 140 2
104 164 2
13 26 47
108 190 20
22 46 6
72 123 25
84 85 32
87 107 12
105 154 6
52 167 44
95 128 25
17 186 34
13 75 19
27 119 40
35 86 13
89 197 36
25 193 10
23 55 18
70 188 49
21 129 4
141 160 48
63 191 31
123 175 36
27 127 25
7 47 5
121 136 6
129 135 1
72 163 23
87 181 4
8 192 41
138 150 33
175 196 33
9 57 7
74 149 5
4 176 9
34 160 21
137 153 8
6 197 39
20 145 21
1 4 16
93 121 40
69 150 9
121 133 22
70 121 28
49 121 35
46 107 49
91 152 13
87 89 27
4 73 33
106 168 34
55 79 49
48 152 1
52 143 36
19 23 37
14 193 42
118 191 11
56 82 17
138 194 30
98 178 17
6 18 4
11 74 30
95 127 10
39 159 5
67 126 47
129 160 28
48 158 12
32 69 3
77 173 42
134 183 16
53 56 15
59 172 5
10 18 31
40 118 42
73 115 7
68 129 16
56 105 5
82 185 26
3 88 38
65 151 41
19 70 39
88 140 2
63 64 26
45 48 37
104 139 3
12 156 49
164 180 16
28 99 14
153 175 17
84 199 43
86 141 27
3 168 43
130 161 38
25 145 35
154 195 46
54 198 41
73 170 24
59 129 28
48 192 33
4 168 12
60 71 13
24 162 24
94 100 6
44 62 41
39 53 32
140 161 8
150 200 22
110 178 5
53 108 22
26 51 41
66 74 17
57 162 44
21 156 46
26 180 41
49 178 19
55 90 32
107 170 3
87 98 39
63 122 36
47 60 21
24 127 41
65 191 37
9 11 17
17 96 16
117 175 2
18 86 25
117 169 14
26 117 35
62 159 31
10 150 34
26 194 41
118 182 44
128 165 15
103 171 2
71 172 22
34 172 1
18 186 4
166 191 17
103 199 7
17 174 4
56 140 13
12 116 33
64 91 43
34 99 3
77 114 12
101 108 33
23 60 10
33 199 37
29 148 26
50 161 17
48 91 47
66 168 45
87 100 8
64 171 33
