100 2475 25
15 78 19
30 47 16
2 14 11
17 68 5
32 67 15
26 75 4
47 99 22
25 64 11
10 12 3
62 83 8
50 53 22
10 96 5
14 77 18
21 26 22
27 62 7
22 45 11
32 88 6
37 49 3
14 83 16
7 28 13
67 88 22
33 73 6
62 78 2
63 88 12
20 46 1
45 92 14
5 11 24
28 37 5
2 3 21
13 32 9
59 75 7
5 33 11
51 88 8
28 75 4
69 87 8
56 94 12
52 66 18
4 44 2
26 93 25
74 99 5
71 77 1
34 50 19
75 91 12
38 50 20
5 55 15
55 66 6
11 40 17
26 50 23
23 76 18
56 88 24
18 72 18
76 85 16
44 74 5
28 80 22
22 100 23
7 31 10
42 81 20
23 59 24
37 96 25
6 36 9
49 63 12
2 18 21
28 63 13
25 87 23
48 87 20
46 49 1
27 50 2
10 64 21
5 54 23
19 65 10
2 41 6
70 75 18
3 20 13
10 56 8
17 22 10
15 81 4
76 93 25
67 98 20
49 67 22
1 8 21
16 53 22
9 86 17
75 100 6
91 92 2
32 98 3
21 37 10
25 71 23
12 15 18
54 79 22
8 44 2
88 90 3
19 75 12
2 38 24
2 31 18
18 83 10
9 89 2
53 61 17
1 83 21
70 83 22
23 80 17
24 78 9
13 43 4
45 95 22
66 76 8
9 95 15
54 89 24
33 71 25
43 75 25
83 93 12
72 89 16
31 33 24
23 52 10
31 92 15
63 72 11
62 99 18
9 23 11
59 91 23
21 47 19
11 27 19
30 73 25
1 75 22
43 89 19
40 48 14
12 73 21
35 73 3
13 93 22
15 68 25
6 33 19
24 62 14
51 85 19
46 91 11
7 86 24
6 87 9
33 90 20
33 76 8
40 84 6
27 52 16
57 91 4
3 93 18
50 83 13
40 62 7
15 51 18
7 60 11
52 57 16
56 80 2
54 80 1
10 22 9
57 65 16
17 67 4
35 72 15
30 58 18
35 41 8
82 86 7
21 36 17
23 29 21
43 51 8
59 77 2
16 40 6
10 89 8
4 69 11
7 65 15
30 99 23
2 9 25
49 72 16
7 26 18
63 84 6
16 18 21
66 72 10
47 83 1
27 70 21
58 66 8
12 90 17
42 60 2
37 47 7
17 73 4
25 67 15
18 95 19
40 71 13
24 81 19
42 43 14
61 63 18
32 49 9
77 96 24
31 74 24
27 37 14
57 77 19
17 40 17
29 100 23
18 64 24
62 81 6
41 60 12
21 87 20
8 18 11
14 65 9
88 94 3
89 90 1
8 96 2
44 73 13
48 74 9
1 80 18
40 46 11
25 69 18
5 18 19
96 97 16
55 94 9
10 40 4
2 12 19
1 61 15
27 85 18
24 69 1
23 89 17
12 19 10
6 52 3
81 97 5
2 10 14
65 80 24
53 69 15
49 96 8
45 79 16
27 48 6
80 98 22
60 90 18
92 94 10
65 88 5
12 13 16
41 80 17
10 86 19
39 42 5
49 74 9
10 91 25
8 80 16
30 57 12
16 94 2
21 60 16
33 100 1
64 99 11
41 74 14
91 98 18
20 69 16
77 80 20
53 97 7
36 54 23
5 100 5
16 83 2
38 71 13
29 85 23
22 56 14
4 95 22
64 78 21
20 97 3
29 57 14
5 37 23
8 78 15
19 55 21
12 88 23
3 19 4
19 91 8
16 98 13
23 72 13
20 60 16
26 53 21
42 70 8
9 24 5
32 68 16
24 66 1
83 87 5
6 54 25
36 38 1
12 62 5
57 80 14
63 76 18
32 34 14
9 17 18
31 61 2
18 90 6
46 65 23
7 94 12
6 71 21
4 12 16
81 91 16
55 84 2
11 65 19
70 87 8
25 99 3
4 16 25
1 35 15
16 92 4
20 91 15
24 99 4
52 61 4
43 94 10
80 92 18
43 68 25
1 91 18
21 69 12
65 84 8
65 76 16
33 80 4
58 86 2
78 93 9
20 93 12
19 33 4
71 74 11
7 62 14
73 78 24
77 82 8
11 77 10
59 84 2
25 63 8
18 39 5
53 94 25
76 90 7
8 13 16
19 97 25
3 15 6
29 94 21
2 96 4
17 91 10
71 84 15
90 95 21
34 46 24
72 86 9
23 42 9
17 93 9
20 98 7
60 85 9
33 40 15
19 51 15
44 77 9
21 22 20
62 85 19
14 42 1
12 67 7
68 97 10
18 91 25
12 70 24
11 83 24
9 12 18
29 77 13
89 94 20
82 100 23
72 87 19
76 100 5
40 83 10
17 59 21
44 47 15
33 56 19
66 73 12
48 57 15
36 91 8
25 68 1
6 68 5
35 50 8
13 82 25
20 63 14
54 60 6
9 10 12
38 100 10
80 84 23
10 54 8
23 58 16
32 84 20
31 47 12
6 56 16
49 73 19
39 69 11
73 100 17
57 87 4
10 65 18
24 96 22
5 98 8
3 66 22
25 32 8
12 53 3
13 61 20
72 95 11
55 65 16
28 29 3
20 56 23
8 91 7
4 10 16
15 69 19
36 68 11
37 70 12
9 60 19
30 52 24
36 92 19
5 34 15
17 69 15
5 19 6
12 34 24
20 26 4
82 92 1
8 77 21
84 90 18
29 87 19
7 53 16
17 20 13
13 34 22
19 87 24
25 41 10
42 75 9
66 84 18
55 99 12
51 69 13
33 58 25
7 92 4
1 34 25
6 77 18
8 72 3
92 98 14
1 82 7
53 65 13
10 14 6
40 100 1
49 50 22
9 39 11
43 92 12
13 17 25
26 71 16
62 73 13
50 98 13
48 80 7
12 78 5
85 96 11
50 90 14
35 63 9
62 67 6
9 73 5
94 98 16
32 56 21
8 16 4
52 97 21
69 91 14
22 62 24
77 84 24
91 94 20
14 49 7
16 76 10
46 97 10
4 77 9
27 71 15
53 98 2
30 33 16
28 82 19
12 26 11
15 91 14
53 77 1
64 94 19
5 68 6
21 59 23
29 54 19
14 39 4
42 68 21
67 93 5
10 62 16
23 98 16
42 65 23
12 43 5
30 31 7
14 34 13
18 67 20
39 48 7
54 92 6
27 66 19
47 64 24
90 100 21
37 40 6
18 61 14
18 49 20
28 46 23
2 21 5
76 84 15
3 4 19
17 55 24
72 100 12
27 82 9
82 91 7
77 93 5
52 76 4
17 24 3
8 65 13
6 34 5
40 98 21
67 96 11
33 46 11
57 85 7
15 29 16
23 96 3
15 18 2
23 38 25
36 76 4
84 89 6
8 75 20
32 75 18
51 78 13
38 56 25
33 79 19
81 88 21
9 93 10
52 75 5
9 68 22
33 62 4
38 77 16
5 22 23
28 43 14
67 78 18
17 45 21
57 89 23
26 98 1
33 42 23
3 11 1
36 57 6
38 99 17
34 43 23
33 63 2
44 54 22
4 23 22
19 42 22
65 92 25
14 86 19
13 26 16
38 97 20
30 91 7
1 24 4
35 70 7
14 17 16
7 43 23
2 86 25
75 87 9
61 82 22
92 93 2
56 91 25
45 81 8
39 41 4
31 46 14
30 63 17
7 24 14
15 45 1
75 82 15
8 17 4
6 58 12
35 52 25
62 100 24
32 100 20
11 30 23
18 80 18
51 58 2
34 71 24
7 35 13
47 89 7
73 82 21
12 87 7
63 90 15
8 60 9
8 99 9
39 76 4
48 82 22
61 90 7
28 53 20
54 83 23
27 88 14
26 54 9
11 47 25
37 63 24
5 53 8
12 92 9
1 65 5
5 10 12
26 39 19
21 41 19
47 63 12
29 86 1
48 99 3
42 98 7
5 63 8
48 98 2
26 96 18
34 53 10
19 53 8
36 93 8
3 5 22
19 20 19
47 65 25
46 66 5
12 98 16
63 85 12
36 67 14
37 81 13
33 96 16
46 76 10
3 95 9
21 75 11
10 16 5
24 83 15
51 96 17
63 68 22
34 65 14
48 66 3
41 46 17
3 12 21
21 53 1
4 87 11
3 7 10
68 78 6
48 52 20
19 39 7
49 90 14
11 12 12
39 100 14
66 67 13
19 44 15
30 86 11
65 79 19
46 80 12
64 72 11
71 86 22
40 60 23
16 44 14
32 57 9
13 54 15
12 81 2
3 42 4
52 99 2
7 72 12
19 83 16
14 23 2
36 79 22
22 72 12
16 37 22
29 96 21
6 75 14
9 25 23
98 100 7
10 78 18
70 78 7
26 36 5
5 36 19
46 92 3
28 95 22
21 94 12
24 98 7
48 93 16
26 34 4
49 58 12
1 62 10
40 42 19
51 57 20
11 86 7
62 65 24
7 37 8
66 80 20
30 44 24
25 100 20
31 60 20
43 90 6
7 75 23
10 76 10
22 48 4
50 67 4
28 56 18
87 96 5
44 70 18
42 44 8
59 67 7
62 66 24
18 70 16
64 70 23
34 82 2
12 27 24
32 77 15
11 79 4
38 41 4
2 6 5
24 56 19
53 59 15
12 55 1
52 84 12
2 8 12
75 90 2
10 27 22
25 45 15
42 80 2
87 94 5
29 98 11
15 44 10
17 61 8
24 95 10
39 45 25
9 75 13
46 52 4
85 92 9
29 36 6
27 98 1
4 93 13
10 33 2
52 74 17
93 97 1
71 85 14
89 91 2
66 96 21
32 37 13
26 58 21
6 72 5
38 93 10
60 72 5
45 52 17
27 51 3
15 99 11
30 97 8
58 68 11
13 24 14
2 56 15
52 64 11
77 89 17
18 66 10
39 88 12
51 91 5
69 79 12
8 31 21
11 50 8
43 50 17
30 74 8
60 78 18
5 56 9
4 18 6
31 42 5
15 54 25
1 13 18
59 68 14
61 65 10
4 90 7
60 100 17
40 72 19
2 44 9
16 87 22
20 66 22
6 21 13
18 42 23
5 93 1
37 79 2
24 100 16
1 18 1
55 100 25
57 58 21
51 73 11
83 85 17
1 76 19
84 88 15
54 72 9
1 59 7
36 55 1
78 97 2
67 94 6
15 37 5
9 87 24
48 63 7
42 61 4
50 92 18
45 94 4
38 55 8
43 57 13
8 70 12
39 84 4
89 92 25
53 84 3
29 67 12
88 98 22
27 76 16
30 41 24
58 64 6
58 67 25
10 34 17
28 50 17
74 86 9
3 72 9
41 42 7
13 23 9
20 35 11
30 96 15
32 54 7
33 41 12
16 32 5
20 76 16
12 48 2
30 80 16
8 87 23
16 99 11
34 98 15
19 85 2
78 100 1
13 29 14
31 79 10
1 45 12
31 64 6
43 62 8
22 49 10
10 24 11
15 61 17
1 19 23
29 58 17
27 41 22
19 88 11
34 95 25
32 41 15
36 78 13
89 98 3
7 39 3
34 35 4
41 73 7
61 75 21
66 94 22
43 82 21
91 97 5
13 86 18
22 29 2
69 88 20
23 49 11
36 94 13
15 65 5
42 59 13
21 71 25
30 82 25
14 93 13
14 22 5
25 83 3
18 27 5
76 82 6
9 36 21
48 88 12
12 74 19
26 45 5
56 70 22
55 72 9
42 48 20
1 27 19
12 33 15
19 47 24
98 99 10
24 77 2
20 34 15
4 48 21
6 60 23
76 81 7
12 24 12
17 78 9
13 27 6
70 90 10
72 93 10
31 53 14
33 38 8
53 91 16
50 65 11
26 44 15
35 37 1
79 89 11
49 76 15
1 3 22
24 52 9
86 92 25
27 46 15
3 35 10
57 95 5
23 81 6
5 86 13
24 53 24
54 59 4
30 56 13
95 96 10
50 99 18
22 95 15
65 71 7
5 90 18
19 80 5
3 94 25
46 73 16
20 50 6
80 100 22
15 58 18
22 55 23
5 23 12
48 94 6
29 50 22
40 88 20
51 65 15
23 55 22
72 91 6
28 100 13
50 77 7
18 29 21
50 91 6
73 84 10
64 74 13
9 84 6
4 36 9
51 56 15
2 25 16
44 61 1
30 37 24
28 42 15
29 88 12
41 81 14
22 84 20
41 51 7
8 66 7
17 53 4
29 46 24
69 72 17
37 48 11
13 97 7
15 89 5
2 75 12
6 89 25
68 75 19
50 93 12
26 100 5
16 97 24
71 78 15
34 76 19
43 61 2
93 96 16
7 79 23
78 91 17
31 75 6
35 88 5
56 64 14
70 82 11
15 21 20
8 56 21
33 39 21
2 59 20
35 82 23
16 69 8
78 84 2
10 61 4
15 63 10
6 32 11
33 75 24
22 36 9
52 58 3
82 96 16
21 65 22
6 93 9
63 64 6
35 47 25
30 76 18
38 76 2
18 23 24
17 64 15
8 64 4
21 86 5
59 65 1
56 58 18
4 91 4
29 92 16
55 83 10
68 88 19
51 90 9
16 64 24
10 32 17
39 59 25
71 72 5
26 74 16
64 66 5
2 78 8
30 42 2
29 40 22
18 30 23
9 56 1
37 88 16
49 79 19
58 85 8
22 90 19
8 52 19
29 39 6
43 49 15
67 79 22
16 59 20
35 87 9
39 60 14
71 89 4
13 91 8
79 85 7
38 51 17
56 84 14
9 76 5
72 98 9
1 95 17
27 42 19
23 41 1
42 50 5
90 98 2
15 66 1
27 44 24
45 82 4
72 83 7
41 100 25
31 39 25
1 97 25
21 77 6
7 56 7
15 35 4
20 48 10
12 21 18
65 82 19
18 86 4
19 52 1
1 85 12
42 93 21
40 64 23
66 85 9
1 12 9
57 92 10
35 36 17
23 46 2
95 97 16
19 77 12
59 98 4
21 92 8
55 77 4
50 58 18
41 75 25
8 82 7
34 84 3
4 13 4
41 67 1
24 32 7
14 27 25
33 57 10
20 36 22
20 81 10
49 80 7
33 82 5
1 81 2
50 89 19
9 97 6
35 68 12
21 24 16
21 55 19
41 89 20
58 90 5
17 49 13
5 21 2
15 60 24
59 63 22
10 52 11
30 66 4
62 90 25
2 53 11
52 71 21
55 91 16
43 78 14
56 100 15
65 94 12
20 95 20
17 95 1
70 85 8
23 61 11
36 70 17
29 59 4
49 54 11
48 49 13
35 89 18
7 77 18
49 71 19
26 82 6
7 25 3
36 82 2
62 72 11
66 78 4
37 54 2
97 100 25
2 88 18
56 90 17
87 91 9
26 97 20
25 51 15
21 40 17
19 49 23
7 99 23
5 20 23
1 72 11
14 31 24
88 99 8
55 98 1
17 18 24
47 49 4
36 75 9
37 91 9
15 67 15
29 66 12
31 43 1
26 80 2
8 55 2
65 83 12
29 37 25
58 95 9
28 52 19
44 66 20
24 46 2
19 71 14
1 92 18
38 63 6
13 69 12
17 28 8
31 37 13
34 90 17
11 24 23
49 81 21
41 55 6
5 62 3
51 93 11
55 87 22
28 47 4
67 91 10
69 97 24
66 97 9
44 55 17
34 56 23
16 33 4
7 57 20
40 52 9
10 67 2
29 63 5
45 60 22
60 65 20
39 72 20
14 52 7
86 93 6
19 79 20
55 68 3
11 38 12
8 22 18
1 66 4
52 54 6
47 87 5
77 81 14
43 64 14
1 53 12
55 96 16
38 52 6
54 77 22
75 95 24
8 9 2
59 90 24
21 74 25
76 87 15
61 69 18
89 96 14
1 7 13
86 100 25
12 45 3
10 75 17
70 74 15
3 14 17
6 81 18
34 69 21
73 98 12
31 40 1
2 4 8
39 94 18
8 59 19
19 82 17
46 63 24
79 100 6
62 68 4
17 29 23
20 57 8
36 47 7
4 7 17
36 41 18
43 46 20
16 41 19
67 95 3
33 69 22
20 39 7
22 50 14
31 77 22
18 26 6
26 38 17
5 88 20
59 66 11
47 79 5
21 62 12
58 65 13
29 84 5
39 79 5
31 71 18
43 66 3
43 79 3
13 64 6
26 29 3
17 83 2
11 37 7
31 72 14
75 88 2
1 74 10
79 83 19
28 57 8
70 98 14
60 93 17
30 64 11
16 95 6
10 17 14
62 64 1
1 94 14
43 45 14
13 44 3
55 88 20
8 94 2
68 83 16
39 87 14
2 45 25
27 33 8
2 71 1
11 29 3
3 64 10
9 28 23
20 61 13
53 99 11
23 39 5
18 43 12
12 52 18
11 70 12
21 83 17
35 95 6
89 100 20
23 32 6
76 92 17
14 69 23
67 83 11
14 61 12
4 6 19
59 94 22
15 31 6
20 49 15
46 75 22
25 91 25
28 97 5
3 9 22
14 21 16
28 98 2
6 12 15
27 95 14
37 62 12
37 73 24
79 97 20
12 38 19
4 94 17
48 73 12
50 71 9
41 43 16
31 52 10
11 49 14
9 15 14
64 84 2
81 86 12
48 68 10
78 96 4
52 77 21
51 80 7
38 85 15
3 34 11
85 97 10
22 75 4
30 90 1
59 79 6
73 85 21
24 92 5
41 92 21
27 38 7
4 100 21
16 72 24
5 35 22
70 96 25
30 50 23
22 51 10
24 74 18
27 67 14
3 87 20
2 23 13
57 97 7
18 25 21
77 92 10
14 70 9
22 58 21
84 93 13
50 84 24
62 87 3
9 18 12
45 48 4
45 97 12
47 73 2
15 84 7
11 32 11
48 62 19
68 93 21
43 53 11
50 97 11
32 38 13
47 97 11
15 24 6
18 40 22
36 44 8
5 40 21
27 35 14
25 58 11
37 50 5
29 82 6
71 88 2
81 90 15
41 62 16
87 98 2
30 71 10
15 22 24
27 53 5
94 95 22
47 51 24
28 88 16
45 84 23
15 77 14
36 86 15
13 78 4
14 57 1
34 49 12
38 54 13
33 91 2
60 61 24
8 73 17
6 17 13
71 98 11
15 50 9
19 28 20
44 79 18
19 48 15
47 60 14
8 38 19
52 67 20
2 72 4
41 95 11
11 74 22
19 90 19
46 98 3
11 13 23
11 87 5
68 79 20
14 29 17
70 100 3
20 33 21
19 57 2
92 96 21
29 56 9
16 57 1
28 32 25
12 56 24
49 83 23
17 56 7
2 17 10
6 9 14
23 69 19
6 98 22
55 57 17
4 59 14
12 39 4
35 93 4
4 47 6
32 43 20
75 78 10
7 42 7
60 95 19
65 89 19
7 78 25
63 80 22
53 85 17
3 57 16
9 16 16
51 82 20
27 72 7
56 99 15
61 77 23
28 49 5
31 76 2
31 69 8
44 87 1
28 61 11
2 37 11
11 54 14
18 65 17
60 94 19
48 59 8
40 79 13
53 55 5
3 91 8
17 97 25
44 68 22
36 81 11
62 86 16
56 73 7
26 56 11
38 89 5
75 85 3
36 40 12
45 53 15
23 37 8
11 56 1
20 23 14
42 62 9
44 51 22
20 27 18
22 43 1
24 70 18
44 82 21
3 69 22
64 81 5
39 81 22
24 33 15
12 95 1
18 96 4
30 92 3
64 87 2
57 67 22
1 16 7
20 72 23
48 67 1
63 91 20
5 30 23
11 73 24
21 23 16
18 55 11
26 31 9
49 88 18
44 71 9
54 95 4
17 98 23
86 87 2
1 26 25
19 35 7
2 52 10
18 62 20
52 56 14
46 96 17
26 68 20
23 83 20
16 66 8
66 100 3
18 24 9
11 100 24
12 20 9
13 77 3
71 90 4
35 42 25
2 22 1
20 30 3
85 100 24
31 59 7
4 41 24
69 95 17
1 71 7
1 15 19
4 5 11
10 29 7
39 70 8
26 47 14
37 45 6
34 67 19
31 48 3
22 44 7
45 54 20
13 28 10
39 66 22
59 62 6
11 97 23
2 29 21
17 92 8
60 83 23
25 70 5
2 50 10
32 72 24
17 37 20
20 41 2
39 85 13
66 93 11
18 81 8
57 100 11
68 82 14
28 72 5
69 90 7
12 18 4
14 72 7
16 100 12
51 67 5
15 100 3
7 15 16
6 82 14
38 65 8
1 44 3
54 55 6
35 81 3
78 83 20
50 59 16
12 71 19
38 40 13
8 24 1
16 61 5
14 90 24
18 56 15
8 48 5
1 54 13
45 64 6
8 27 9
33 70 13
18 37 5
41 77 8
94 100 6
10 84 7
59 89 3
2 40 1
76 94 11
44 53 21
12 35 15
19 22 23
4 78 11
44 72 21
56 60 6
1 89 18
11 69 3
49 75 11
53 88 12
19 32 17
7 66 7
3 81 5
31 90 10
47 76 9
3 10 20
11 81 14
62 98 6
17 90 13
44 75 15
27 80 8
1 96 25
25 80 20
4 67 9
76 80 6
3 50 21
8 42 4
38 61 23
5 46 23
25 84 20
20 54 19
50 60 21
7 21 18
34 60 15
36 65 14
21 57 18
4 57 14
9 63 8
8 29 23
48 89 6
43 69 11
79 90 17
8 34 5
67 87 10
34 63 10
37 99 20
24 79 5
29 51 12
32 87 12
5 9 25
58 82 20
33 66 2
16 38 21
39 57 18
2 92 14
68 92 1
63 67 12
24 31 13
60 76 4
6 76 15
48 85 4
35 77 16
22 82 25
46 82 22
35 83 12
7 68 3
25 89 4
15 73 2
47 62 24
9 100 2
47 70 17
13 96 16
39 71 4
41 70 5
22 97 4
54 93 20
42 85 20
29 99 25
66 81 23
14 73 4
29 76 4
17 82 3
37 83 10
5 49 22
27 89 22
21 29 8
6 91 10
19 46 4
40 89 2
67 81 13
44 100 23
20 31 3
11 63 25
69 73 12
1 5 6
63 100 1
45 61 17
14 98 13
26 32 25
33 81 6
17 19 10
67 69 3
33 36 5
27 65 2
54 57 13
21 85 10
3 41 14
17 65 10
24 29 16
51 98 20
58 79 20
81 82 23
5 80 11
40 85 1
27 92 9
11 44 18
10 44 1
34 74 2
4 50 18
7 12 18
2 79 2
4 33 10
8 41 12
27 34 20
18 69 2
25 36 4
61 80 24
5 79 15
56 61 25
38 67 21
64 80 9
29 43 18
20 90 24
25 49 12
71 96 6
19 24 2
8 37 18
19 67 2
8 63 12
17 60 13
84 85 13
6 55 18
70 73 8
51 62 8
59 93 24
21 78 3
51 71 9
39 64 12
44 93 22
11 23 12
6 66 23
27 45 25
71 73 25
7 76 15
8 11 15
51 97 11
26 81 2
42 96 22
46 90 7
62 97 25
23 51 15
47 52 12
12 44 16
2 99 10
33 37 14
16 45 10
5 24 2
25 75 12
19 36 20
80 87 22
14 37 14
2 94 18
39 96 23
13 67 19
80 91 8
14 79 9
27 32 21
19 50 10
36 64 6
38 86 19
39 40 12
9 80 1
35 55 2
42 64 25
35 99 22
38 64 23
40 44 3
60 84 12
8 28 16
2 30 18
1 4 16
42 76 21
10 88 15
13 59 21
7 100 14
20 70 10
17 86 20
17 21 5
41 57 20
45 59 9
10 18 7
59 78 9
36 37 14
42 82 1
29 62 5
41 68 23
30 95 25
74 77 9
14 74 14
34 85 25
51 84 14
23 67 8
3 28 4
48 91 20
40 75 8
36 50 10
93 99 1
55 64 4
54 71 6
59 99 14
60 62 8
28 77 23
11 94 4
44 80 4
27 84 20
63 73 2
79 80 4
9 81 9
30 51 13
4 11 9
13 80 2
44 98 18
16 60 22
42 78 14
9 67 20
57 98 16
14 66 12
9 29 7
7 89 25
21 52 25
57 66 23
35 69 5
45 51 10
33 72 17
13 47 14
51 55 16
99 100 13
15 98 15
60 63 22
69 80 11
11 16 22
24 90 15
69 85 8
10 35 12
43 83 7
50 56 19
18 99 20
72 79 11
8 49 5
67 82 23
7 98 7
44 90 20
3 13 21
29 97 24
61 78 6
34 40 16
10 97 9
9 40 16
11 55 13
31 54 23
8 21 17
9 26 10
21 54 19
20 64 3
30 69 2
25 98 19
3 38 6
50 82 20
56 96 14
24 97 15
59 95 1
29 53 23
7 16 18
56 81 13
5 8 8
6 73 1
70 80 11
57 62 2
2 62 3
74 95 18
46 58 3
14 55 1
25 96 15
19 94 8
27 90 25
12 80 23
32 46 2
17 66 13
17 47 12
29 90 14
15 39 21
64 97 11
41 79 3
50 88 10
7 9 16
24 65 20
9 20 14
4 17 21
3 54 6
79 92 17
35 45 4
2 19 16
9 79 23
31 99 5
61 93 10
13 79 7
13 68 22
34 51 15
36 51 2
15 26 13
80 88 2
10 85 8
11 48 5
3 8 14
2 100 21
80 89 20
49 87 16
29 31 17
31 66 12
49 84 4
24 61 12
1 56 7
7 19 6
22 30 12
10 53 11
17 39 2
40 65 5
17 38 14
35 98 13
43 85 25
36 60 25
45 62 1
69 86 2
15 97 13
59 87 14
52 89 20
34 42 25
36 80 14
61 86 8
10 39 18
9 43 18
6 27 25
46 47 2
24 72 25
32 40 21
38 74 16
29 41 7
50 96 10
3 48 14
23 84 3
47 69 3
52 78 9
76 89 14
20 38 11
12 54 2
72 99 18
55 61 15
54 88 8
9 92 13
11 80 9
69 96 21
13 65 2
38 88 6
38 42 9
36 39 13
17 81 5
8 86 14
28 90 17
58 60 3
17 79 16
82 95 18
33 53 23
25 95 19
48 71 13
2 13 6
93 95 4
30 81 19
52 92 22
4 31 4
56 98 13
86 90 19
48 92 6
7 91 8
32 63 2
8 50 24
15 23 17
39 99 6
53 93 16
1 67 1
37 64 6
38 75 7
29 38 17
27 28 8
5 69 23
80 99 6
5 45 22
39 58 10
8 35 22
6 18 17
3 75 6
46 93 2
43 72 21
41 86 6
44 56 19
60 73 17
34 78 9
73 88 25
74 93 8
62 93 16
2 5 15
16 85 6
60 75 17
27 81 25
39 98 10
11 21 20
25 94 16
77 98 10
31 35 7
47 58 18
55 73 17
23 78 9
2 42 19
3 24 22
2 66 12
57 93 4
32 74 24
16 43 14
87 88 22
90 91 2
29 32 9
87 93 13
6 62 15
41 71 24
21 79 22
18 63 24
13 57 24
51 95 14
43 65 1
58 99 24
4 84 9
18 93 15
48 81 2
44 48 16
13 75 13
46 100 20
35 76 18
7 13 6
56 76 24
48 75 1
52 86 10
12 66 15
35 85 2
31 36 14
22 66 21
26 41 20
88 92 16
28 78 7
49 99 12
21 82 25
42 53 5
26 48 20
8 15 11
52 72 18
68 96 18
18 98 25
18 35 10
55 85 10
23 94 5
23 88 17
33 84 4
11 25 4
52 73 7
17 96 7
40 56 24
55 76 19
84 87 21
2 20 14
57 81 5
45 83 3
45 75 18
38 91 25
61 81 1
23 56 18
59 73 14
56 86 9
89 97 14
1 98 17
14 68 25
23 25 6
40 87 3
51 63 22
71 76 11
14 85 2
82 89 5
78 99 25
35 51 8
49 93 1
32 60 9
62 77 2
16 62 6
9 69 16
36 46 2
44 81 24
76 96 6
74 100 10
78 87 13
18 89 24
82 98 13
20 82 3
38 82 19
6 79 15
44 78 6
66 77 12
46 78 15
61 88 23
27 77 21
80 85 9
23 35 25
27 63 3
3 85 9
59 97 11
44 45 4
25 77 2
47 54 12
11 68 8
1 17 3
34 54 13
79 99 15
30 34 22
6 43 10
17 62 6
15 80 22
1 14 3
26 73 11
29 80 8
4 54 10
54 82 4
26 88 19
58 63 12
31 78 9
55 56 3
48 72 6
24 57 8
42 89 21
38 73 5
48 51 24
24 54 8
8 30 1
75 79 23
85 87 17
47 96 12
12 25 10
12 23 11
71 87 13
10 48 12
61 99 7
14 95 17
53 87 23
43 81 16
3 100 16
45 76 3
28 33 24
21 34 22
53 82 19
10 11 1
1 55 7
21 32 13
40 63 24
41 53 13
1 90 7
9 49 10
11 26 20
22 89 12
87 100 6
32 42 7
21 48 24
92 95 17
19 72 22
2 24 22
80 90 22
9 91 2
45 67 21
26 84 22
25 54 6
85 94 6
56 82 17
65 90 10
25 65 16
23 82 21
24 43 10
16 29 7
23 40 23
35 40 12
37 57 6
25 72 10
55 75 5
38 80 16
19 96 4
57 88 13
55 89 2
2 57 21
5 92 3
23 75 10
22 98 4
68 94 3
35 46 4
37 38 17
32 45 24
80 94 6
32 99 3
4 82 16
10 38 7
30 53 13
42 66 17
13 15 24
28 51 23
9 88 5
39 53 4
4 46 21
37 44 14
19 41 9
4 53 22
27 91 5
72 94 4
15 42 11
5 97 12
5 82 15
12 86 14
64 89 19
52 96 2
3 47 1
6 95 1
64 68 2
54 63 8
29 45 5
3 17 7
17 70 12
60 97 17
70 92 24
28 69 3
52 65 19
37 87 8
50 70 16
31 89 2
6 96 20
26 28 23
10 51 19
9 35 8
61 94 11
32 66 8
17 54 1
6 97 11
37 75 9
33 99 11
26 61 12
14 20 2
10 30 2
38 59 1
18 79 22
11 17 6
2 26 3
3 6 24
31 98 7
20 42 8
5 16 21
17 30 17
9 62 14
21 44 13
18 88 17
34 66 3
3 82 21
40 95 7
34 68 15
52 83 15
28 89 10
4 26 21
37 80 11
19 78 6
8 46 18
40 94 12
24 49 2
29 61 16
3 76 24
25 86 5
3 46 12
10 72 23
71 99 20
15 17 19
27 96 21
28 73 13
22 88 11
53 100 20
60 82 7
64 71 11
44 91 7
8 61 1
12 42 2
4 8 1
22 42 6
19 70 5
6 90 5
21 66 4
31 49 9
12 85 16
58 97 12
10 74 10
20 51 17
22 78 20
31 41 8
13 58 19
5 42 12
41 94 6
14 51 19
54 70 8
51 70 13
38 45 6
13 51 17
29 35 19
51 52 12
6 37 17
3 59 10
56 92 2
8 20 17
9 46 18
35 43 24
13 56 12
49 56 22
9 34 9
56 78 11
44 85 17
55 69 18
47 81 10
16 81 3
33 74 2
9 90 5
41 85 14
35 67 12
78 90 13
55 81 22
48 97 6
8 83 17
26 33 5
1 68 25
50 57 4
31 96 6
3 29 20
75 76 3
3 32 23
6 35 6
14 91 3
27 36 2
45 85 1
45 87 2
57 78 17
47 59 22
2 65 25
85 98 7
27 59 1
17 99 17
53 92 7
13 49 12
69 98 16
28 60 13
13 74 11
57 59 4
44 64 7
72 85 17
4 37 21
73 83 15
52 93 9
73 86 19
77 86 1
17 26 18
24 60 1
20 58 8
28 94 21
41 90 12
65 77 11
21 50 1
64 79 16
57 68 4
5 15 8
23 65 19
41 49 25
10 15 14
1 42 10
30 46 24
52 88 16
5 65 13
37 94 8
86 89 13
33 67 17
17 58 1
25 76 14
5 52 3
24 27 5
35 90 11
55 59 10
51 60 14
25 31 20
14 47 15
15 48 25
24 71 2
8 88 19
37 82 4
48 78 14
46 85 15
10 47 14
33 61 25
33 35 24
7 36 21
89 93 14
44 89 8
19 74 8
50 64 16
53 54 3
3 90 16
69 70 16
73 79 3
89 99 1
9 52 10
18 75 7
9 66 21
68 74 8
13 39 2
59 70 14
34 80 10
74 94 6
42 52 2
45 99 24
49 92 6
36 58 14
42 69 13
32 92 22
55 71 21
18 59 3
3 74 2
16 90 17
26 94 25
11 43 2
43 47 21
29 68 7
64 96 4
6 57 22
12 82 5
18 68 22
42 84 10
12 77 13
20 78 12
6 20 3
79 81 10
4 70 1
26 78 10
49 89 11
23 86 7
65 93 11
1 52 14
23 30 16
57 94 5
70 88 7
27 79 5
54 67 16
30 32 4
18 47 24
29 42 6
1 50 5
79 91 10
6 40 22
16 21 18
70 91 24
61 72 21
33 95 24
22 26 25
78 85 12
19 56 13
68 70 2
1 2 11
38 98 4
20 65 6
16 39 22
15 90 22
47 94 19
9 94 16
5 84 1
63 71 9
51 99 8
17 50 10
6 84 8
46 71 6
1 22 24
21 95 16
44 65 8
4 61 22
20 85 12
55 62 4
19 34 19
16 17 21
17 51 6
39 73 8
24 55 13
17 76 5
31 82 3
74 90 1
13 55 3
40 54 10
20 88 3
75 99 8
41 96 24
4 98 22
53 96 20
15 16 18
35 61 12
26 66 1
3 26 25
70 86 14
11 84 16
16 27 20
8 90 13
21 88 15
4 86 6
61 74 16
9 98 20
42 71 8
6 25 15
12 46 23
34 83 5
58 76 13
49 55 8
17 71 21
47 71 8
54 86 24
2 61 10
9 74 6
38 84 5
48 69 16
8 43 7
24 50 22
41 50 11
60 87 10
82 99 14
40 61 21
4 96 23
29 95 1
54 56 22
60 86 8
86 97 22
41 54 20
