200 3980 50
35 91 6
6 123 6
17 145 10
39 180 23
147 157 37
8 67 8
4 173 24
51 106 46
83 126 46
91 139 31
35 96 41
41 108 39
27 89 36
34 127 47
66 148 39
20 23 11
3 6 36
6 65 5
15 73 34
122 172 39
85 101 47
74 135 44
68 140 42
1 157 45
47 187 27
50 176 5
110 131 16
7 172 34
154 196 11
6 132 24
151 166 40
83 158 8
137 138 6
116 131 4
6 33 22
19 24 1
55 60 25
55 115 35
2 58 41
62 130 16
28 162 38
9 141 20
134 160 13
54 174 26
118 127 32
159 195 4
54 159 44
78 179 19
48 155 15
15 162 43
89 179 22
1 140 38
82 94 47
88 154 9
125 138 15
20 178 13
73 143 13
1 101 48
136 154 20
8 49 41
120 190 35
70 82 46
4 117 15
11 16 38
68 162 27
130 173 32
104 148 28
109 178 2
159 166 12
9 37 42
37 60 5
53 186 8
149 196 21
98 111 10
5 12 6
151 192 48
105 189 4
175 189 45
29 127 49
17 41 18
130 190 14
52 75 10
16 140 37
15 149 12
128 136 11
63 126 3
153 192 20
158 178 17
32 103 21
76 98 10
85 134 36
19 93 17
59 88 33
141 182 49
105 128 44
29 164 10
122 167 22
55 136 50
14 27 30
40 90 6
29 55 1
61 94 23
47 61 27
3 74 10
29 158 34
88 157 1
46 149 24
121 192 7
82 123 24
63 104 33
41 96 33
26 70 46
85 98 44
19 139 10
66 140 21
47 64 34
59 139 14
32 128 46
35 129 8
49 67 30
94 126 19
101 142 15
114 151 23
3 49 35
53 103 17
61 95 24
130 169 8
15 129 37
43 120 21
17 61 50
53 167 39
23 200 15
71 72 7
56 148 29
9 39 17
85 144 3
70 75 30
25 94 16
82 130 32
51 145 45
69 132 7
107 123 26
33 114 32
58 73 14
10 150 9
162 175 7
74 77 13
30 149 11
36 95 36
62 177 39
81 108 28
74 113 28
22 94 2
89 121 18
72 195 2
129 134 48
139 161 19
172 180 23
65 116 16
33 46 36
2 134 5
41 76 22
156 199 35
1 192 34
37 72 11
142 196 14
145 180 36
30 193 19
55 167 33
123 141 48
110 162 42
10 20 10
119 186 7
45 89 37
82 119 23
84 106 32
52 111 26
90 97 44
9 153 14
94 183 31
7 127 48
21 166 20
72 104 27
15 128 47
3 153 1
100 159 20
83 85 23
89 139 17
53 190 47
47 51 35
28 145 2
25 172 42
1 62 42
40 79 30
91 117 6
21 54 33
76 153 1
182 196 34
64 93 33
118 156 17
6 166 2
123 159 3
101 123 14
102 144 18
107 179 2
52 159 12
5 172 35
68 94 40
119 125 42
57 132 27
5 18 17
72 170 39
89 181 36
9 123 15
94 138 24
98 151 45
15 118 10
37 71 47
16 22 10
72 141 28
34 132 16
15 22 37
14 33 50
109 122 28
9 140 28
96 143 7
6 7 50
33 137 47
46 142 10
3 158 25
1 47 19
72 101 5
37 196 35
10 80 31
106 134 17
91 128 45
116 122 22
15 89 50
2 52 47
44 172 21
50 110 12
102 153 7
100 176 21
5 88 17
57 138 30
48 73 10
148 160 7
7 80 45
67 109 45
49 174 21
124 190 29
23 131 48
141 189 48
8 199 4
28 136 22
1 82 37
17 45 10
68 174 36
59 127 2
92 146 38
171 177 37
8 76 49
37 108 28
20 151 21
145 151 41
44 200 25
110 191 28
102 116 20
44 88 26
13 41 5
66 192 34
9 186 27
98 118 45
126 169 38
164 181 1
30 40 18
65 91 14
18 170 3
20 28 43
27 64 27
71 147 31
45 199 13
87 158 34
74 84 25
41 44 31
8 44 23
51 86 40
5 177 30
33 88 26
31 104 26
83 105 18
2 183 42
106 147 32
42 173 3
122 163 33
71 190 11
18 92 39
3 23 35
54 138 22
39 134 4
35 67 4
9 17 23
121 124 14
51 67 48
11 109 11
57 145 22
81 87 29
54 97 6
106 141 49
6 144 39
57 115 9
44 58 41
27 84 41
96 183 26
7 81 12
44 126 13
90 162 3
55 195 6
13 15 46
90 184 6
2 136 23
29 43 17
35 38 25
147 191 38
138 183 26
46 113 14
63 107 25
92 198 3
41 86 30
52 132 6
2 36 25
27 85 39
2 77 20
1 176 32
4 107 43
50 107 5
14 70 9
24 140 12
152 188 10
141 195 29
19 99 33
9 152 6
139 185 12
122 166 15
158 197 23
74 166 36
29 103 25
16 41 43
105 131 33
132 160 19
141 158 10
38 172 31
29 32 36
1 112 23
20 92 24
180 200 12
66 193 18
52 170 27
169 178 44
96 112 49
107 122 49
90 157 34
29 169 37
138 169 10
20 127 16
11 107 33
146 179 2
112 181 5
4 38 21
118 128 29
70 157 23
38 49 46
93 109 40
129 198 9
127 189 30
20 135 4
21 129 27
87 129 8
185 199 24
49 118 45
26 148 43
146 168 31
117 149 17
34 42 46
101 195 10
19 35 1
3 180 9
32 85 24
7 123 29
45 181 23
67 77 50
85 105 9
1 99 22
81 153 25
100 137 20
84 111 33
21 145 12
10 130 28
90 138 49
24 179 15
20 68 40
42 172 36
4 50 22
52 83 42
65 178 14
41 182 29
73 163 31
17 183 20
12 59 41
16 198 9
29 61 35
16 50 42
23 28 47
2 171 50
112 186 35
112 194 27
6 148 12
140 173 19
92 118 14
131 148 49
73 138 14
175 190 25
111 133 34
154 198 37
44 123 36
8 149 9
98 145 39
39 112 18
181 196 20
59 129 4
59 63 32
42 144 33
42 194 31
31 154 1
17 134 47
47 63 17
8 23 43
3 185 8
79 146 37
176 179 11
71 128 9
1 148 33
125 167 10
23 34 24
65 146 17
6 191 26
26 124 28
3 68 37
45 104 31
123 165 40
35 143 47
33 61 4
142 178 21
161 182 37
31 129 1
94 140 11
116 145 13
99 114 10
124 162 39
3 114 10
52 87 2
19 175 18
66 68 46
128 143 41
83 173 45
84 115 33
17 70 23
51 142 25
13 199 1
7 164 27
17 95 12
94 113 34
77 188 28
21 40 3
19 148 27
73 184 1
49 138 42
47 77 10
125 165 40
8 121 4
21 26 27
52 172 1
66 136 33
11 167 12
39 77 4
22 82 9
38 159 21
28 144 26
64 74 4
30 85 45
56 119 9
129 160 35
14 169 21
48 177 11
79 142 13
51 130 46
75 118 1
43 154 47
86 136 9
43 96 36
36 165 35
7 19 13
9 120 41
8 167 6
31 42 11
96 184 13
100 121 16
34 150 13
64 171 34
76 78 28
97 157 29
27 123 25
3 139 25
86 181 20
102 128 45
37 192 46
26 135 6
69 187 37
115 146 29
4 41 50
131 141 11
112 150 19
64 138 48
67 165 24
14 20 11
5 181 35
1 72 23
115 191 35
86 175 12
60 129 39
90 154 7
134 192 44
96 124 18
32 84 29
92 96 50
4 175 29
100 193 28
25 47 28
21 122 30
68 170 35
72 138 33
39 194 41
46 120 46
107 177 29
61 160 25
72 157 9
10 191 44
2 159 38
43 174 38
74 150 20
78 195 21
33 128 24
164 169 35
53 80 14
4 43 32
56 71 11
37 179 35
93 186 13
137 187 19
45 122 36
31 112 8
153 173 17
7 110 16
25 82 25
42 160 33
26 73 6
94 122 39
32 88 27
34 148 5
155 181 18
51 129 8
125 168 23
129 146 7
41 102 14
10 182 10
75 156 50
38 74 17
58 92 7
19 173 18
81 188 45
14 107 26
46 106 34
148 176 5
72 148 50
170 199 45
24 137 15
84 121 9
77 83 26
19 34 16
144 167 44
3 55 46
174 180 38
27 166 20
10 113 28
59 162 36
110 184 27
93 130 36
29 95 3
98 119 41
156 185 39
173 176 32
163 184 29
20 175 34
49 187 24
177 187 1
178 179 23
74 89 41
94 186 43
39 94 12
126 164 2
16 26 24
72 190 21
82 102 12
63 144 20
8 180 9
39 95 39
155 162 8
65 66 43
33 172 7
15 127 31
12 92 7
37 83 50
182 192 10
39 120 42
131 175 46
46 74 26
91 135 31
108 141 31
50 130 19
78 134 45
141 196 10
125 200 47
96 179 10
192 197 42
81 200 3
44 92 19
38 64 5
16 184 25
25 79 43
21 53 40
120 130 46
103 154 18
6 173 5
26 173 28
137 139 39
49 88 47
101 104 43
90 125 20
27 145 12
177 184 30
167 171 49
63 65 28
43 186 3
62 123 34
55 66 13
23 67 48
50 88 47
106 122 28
3 47 5
11 137 44
58 127 17
27 162 47
40 48 23
127 164 43
24 59 19
104 161 24
55 175 27
16 64 15
64 189 16
37 170 43
21 52 7
66 73 13
63 171 30
163 173 45
63 67 39
51 189 34
37 55 4
39 98 13
9 165 43
46 84 50
64 100 27
63 189 36
40 183 16
22 191 24
144 182 30
25 80 13
32 196 14
12 116 17
49 191 33
51 59 36
23 127 38
9 188 24
73 130 16
43 100 15
18 59 26
36 54 8
60 179 19
7 17 41
176 200 38
35 125 6
31 48 42
171 175 38
64 169 9
139 156 30
9 28 8
7 167 34
58 173 45
124 156 25
20 165 46
108 147 5
12 124 6
157 200 21
46 140 28
141 143 43
103 168 20
49 142 11
75 107 14
39 135 31
84 135 3
25 139 29
123 199 20
47 166 44
14 88 16
154 187 2
68 121 23
105 138 15
115 130 44
11 77 12
94 153 6
81 138 9
87 183 9
34 68 1
135 148 27
152 157 41
5 120 45
145 147 6
47 81 39
87 133 47
90 174 15
7 183 21
35 108 38
45 161 1
48 192 37
79 98 13
141 159 42
11 51 2
117 145 42
20 148 8
130 166 1
93 100 12
108 144 4
113 163 9
52 150 16
118 175 30
118 124 22
82 86 29
66 129 40
72 187 1
55 97 44
51 158 22
59 169 20
101 139 2
10 78 39
15 167 23
17 157 6
10 169 8
5 69 46
25 137 35
63 142 40
37 119 5
170 172 48
139 179 9
117 146 5
26 126 24
20 71 18
69 155 25
21 89 12
55 139 15
135 154 13
73 117 17
34 35 8
136 175 2
25 32 30
2 28 11
105 164 2
144 196 14
24 141 5
27 116 2
110 167 13
41 58 11
101 198 15
20 85 11
42 88 27
35 80 26
97 195 41
36 51 32
141 191 4
38 149 35
84 138 50
52 190 6
20 189 27
139 170 44
111 150 8
104 132 28
109 142 32
105 167 6
140 150 11
83 135 16
56 162 26
15 37 42
66 187 44
68 136 31
60 188 45
152 160 31
57 104 11
13 54 50
21 187 18
68 171 49
8 170 46
9 182 11
148 181 35
86 125 9
87 167 3
52 98 29
82 160 39
80 146 9
94 176 22
20 161 5
61 114 4
36 158 23
38 127 35
59 86 41
96 165 45
43 74 17
147 161 21
86 89 40
18 32 27
83 97 17
39 188 42
34 107 11
13 47 13
169 188 42
177 192 36
146 172 27
2 157 13
124 179 42
67 105 50
158 181 48
57 184 41
77 109 2
29 152 46
21 154 23
42 100 16
178 188 19
22 57 18
113 181 3
106 157 1
98 185 30
22 81 7
76 198 33
58 101 33
46 195 16
150 153 4
12 128 42
146 153 4
56 74 31
9 80 33
40 117 9
54 71 28
58 149 32
34 95 6
110 164 46
38 122 24
31 100 35
7 176 48
104 195 32
146 157 31
117 166 24
51 182 17
100 150 24
33 160 26
83 148 28
168 180 1
52 128 2
47 70 26
134 172 2
51 69 15
105 169 14
141 180 12
15 38 36
110 155 1
10 164 44
65 114 6
12 166 3
74 121 43
143 200 47
184 199 42
154 164 30
44 50 35
56 76 23
49 106 7
44 63 28
193 195 47
43 165 19
24 122 8
38 66 12
20 87 42
3 173 12
7 163 17
1 2 15
121 125 43
21 55 43
35 53 29
107 175 29
14 62 46
15 84 1
91 138 16
31 101 14
4 180 48
18 131 49
34 36 35
124 191 11
26 89 15
61 107 3
153 160 29
37 163 43
19 44 3
118 172 25
64 78 14
117 138 10
139 199 41
89 155 44
2 198 50
75 197 4
100 101 6
113 162 12
55 152 35
33 83 9
32 160 3
143 153 39
13 123 36
62 99 25
114 176 2
89 106 13
12 19 31
127 199 43
31 87 1
9 25 25
142 157 50
35 186 48
178 182 10
78 127 30
54 175 27
81 167 30
42 108 46
16 51 46
153 155 7
82 175 7
95 189 24
25 62 10
155 200 16
77 88 4
22 80 47
95 121 13
96 105 14
70 96 3
62 114 20
32 48 25
20 100 14
24 158 40
76 79 44
23 78 3
85 191 26
150 172 27
97 149 31
127 187 1
26 51 30
112 173 42
69 178 40
31 36 46
4 21 6
85 131 32
52 151 4
59 199 47
38 192 9
25 100 10
42 55 24
79 151 25
152 191 42
13 78 7
78 96 1
147 154 5
40 197 25
16 157 40
146 200 33
70 164 8
63 102 26
117 197 47
10 11 30
82 148 17
48 160 40
70 187 40
76 195 9
35 121 24
89 183 22
19 144 16
1 45 8
69 200 1
5 105 41
79 166 2
114 172 42
18 175 15
12 199 1
114 144 34
139 180 49
45 127 32
46 193 34
106 180 45
44 83 15
25 114 7
99 193 30
153 200 38
136 187 33
36 166 23
95 197 45
44 61 8
7 21 30
40 179 12
5 137 29
125 149 33
106 188 14
2 5 8
40 103 36
111 163 37
111 131 8
12 163 37
68 85 13
31 123 21
125 148 1
94 115 41
126 198 36
71 73 43
2 16 32
49 188 26
105 166 15
2 193 19
58 189 42
61 103 27
113 178 10
166 193 7
87 178 8
65 190 4
142 162 36
148 166 20
84 199 22
134 136 22
70 153 1
143 175 31
67 172 3
93 190 29
142 181 16
20 70 40
86 104 4
89 104 33
10 30 13
59 95 7
34 92 28
10 125 48
138 176 50
34 46 22
122 126 17
75 90 15
13 172 45
33 130 19
8 179 11
162 182 29
77 163 32
102 171 29
40 136 33
42 164 7
58 118 36
83 87 7
13 160 12
82 145 16
40 116 29
69 183 6
7 51 12
98 131 45
23 98 35
91 122 25
52 89 13
99 139 21
9 31 16
190 198 16
192 195 44
16 21 13
67 133 13
22 173 19
18 138 3
43 65 4
26 190 28
111 152 40
105 181 2
52 182 33
6 197 26
23 52 13
56 158 42
140 169 32
154 167 47
58 94 30
3 50 11
6 136 6
87 149 33
59 100 40
33 79 25
34 89 40
15 185 12
77 152 40
38 100 13
7 93 15
110 171 17
66 178 1
87 126 19
117 121 31
30 84 6
106 174 3
15 105 42
25 169 26
3 82 24
66 98 6
162 187 47
53 128 8
68 181 24
110 114 44
59 89 4
36 151 24
97 106 41
114 182 11
49 159 16
88 109 31
62 178 40
23 27 30
17 143 46
41 180 33
23 29 35
28 126 9
134 176 43
128 130 17
14 94 10
52 104 11
136 137 48
150 160 5
14 129 39
15 171 22
138 154 7
52 82 46
40 64 11
4 17 34
35 171 46
13 82 4
24 178 47
42 189 30
150 163 13
1 134 2
65 82 7
26 67 2
46 63 43
135 161 38
41 47 2
121 139 1
3 115 27
107 129 38
62 103 48
177 181 26
54 74 39
33 176 18
17 173 17
13 164 14
42 155 23
68 190 42
3 163 14
22 103 45
36 199 38
19 140 44
71 75 42
116 191 37
63 64 10
94 168 6
62 118 23
74 96 41
55 153 26
122 134 9
30 33 28
10 178 12
31 126 43
162 189 20
102 167 50
90 149 27
47 190 43
69 77 2
23 33 22
95 126 32
46 163 15
105 200 30
8 34 23
9 98 33
32 66 32
16 199 12
146 178 32
19 183 27
40 161 8
16 45 5
69 79 35
17 97 43
11 88 25
75 179 10
1 171 33
109 167 28
40 177 27
18 98 38
8 18 16
25 119 2
109 184 48
138 151 23
83 183 19
46 173 11
17 190 9
25 128 9
57 74 7
64 178 42
171 197 5
89 196 8
32 164 9
3 194 49
26 38 25
45 157 10
44 179 22
105 158 34
74 151 22
67 147 30
86 163 49
27 48 23
147 170 36
175 192 22
18 80 3
46 199 17
77 178 16
5 87 1
137 176 43
41 147 21
46 52 48
37 88 8
54 116 15
82 152 33
6 113 4
112 195 22
37 79 47
94 170 45
55 118 22
114 124 17
136 139 18
88 93 41
51 63 29
74 79 11
81 123 23
37 133 35
92 158 13
55 72 16
129 182 47
87 165 6
123 171 42
23 142 29
60 61 42
33 162 3
185 195 42
57 134 28
17 108 12
20 168 30
5 125 36
75 158 29
12 43 37
56 200 31
84 168 33
35 180 3
65 200 29
46 83 40
133 166 3
24 29 16
97 190 15
48 183 7
4 196 18
160 174 38
96 195 3
128 182 35
180 185 43
38 134 5
178 193 41
44 187 5
110 174 1
89 166 24
113 167 46
24 163 50
111 199 37
26 197 41
109 187 11
160 182 17
72 158 46
13 109 2
32 185 32
118 157 49
75 126 33
50 93 36
43 130 38
25 53 46
7 116 16
78 156 29
115 190 1
52 196 49
114 165 27
31 102 33
60 193 13
115 166 47
21 174 21
67 173 4
192 196 47
91 104 31
57 73 38
127 195 21
137 186 34
113 152 44
112 162 47
28 67 45
139 167 12
121 200 26
92 178 43
62 161 7
140 196 25
42 127 25
5 183 45
138 182 32
134 153 6
100 134 38
3 141 22
38 76 50
126 154 16
70 110 42
59 156 30
12 153 36
152 164 48
10 100 46
48 173 4
4 189 43
25 63 22
25 122 10
61 163 41
11 160 19
46 197 24
68 176 31
52 175 4
11 84 33
23 105 18
95 137 34
41 186 6
68 156 21
70 107 1
83 176 5
6 111 45
2 21 49
136 156 18
102 106 19
12 56 26
7 102 3
73 112 2
161 192 6
105 122 48
30 63 3
29 196 32
85 165 30
100 163 41
20 123 1
9 147 50
11 31 28
110 142 4
2 76 22
50 67 7
43 157 10
61 93 33
23 123 12
49 89 42
13 194 45
26 123 18
110 141 19
45 143 28
125 197 33
54 67 20
68 173 28
159 190 36
36 103 27
38 45 25
39 160 6
99 101 36
54 153 26
132 147 22
14 97 32
62 180 48
162 190 40
105 146 35
3 103 41
60 185 9
6 109 50
87 144 27
7 99 18
14 40 48
24 154 12
48 159 37
147 179 19
100 196 33
158 164 19
74 87 21
65 153 39
27 190 27
158 160 11
124 187 49
33 53 27
37 120 40
163 199 14
126 153 13
38 185 4
37 70 4
68 146 33
86 172 1
131 173 41
15 133 32
71 108 42
41 99 28
19 76 50
48 174 40
9 10 34
43 71 35
2 178 44
95 136 13
44 79 37
128 178 20
42 153 42
56 86 25
106 155 43
31 98 14
101 163 27
64 96 12
80 147 8
66 197 4
15 79 14
52 156 42
1 188 17
94 198 8
86 108 36
49 197 43
75 165 38
82 97 13
69 108 33
21 146 27
56 174 29
45 118 48
22 166 2
3 53 24
23 64 2
138 192 15
5 128 13
29 52 6
66 171 12
64 86 39
57 137 27
28 155 44
142 143 17
93 195 13
81 162 40
159 170 44
40 163 11
46 105 44
32 68 19
82 137 18
67 96 35
26 130 34
28 49 24
99 134 44
131 185 24
88 173 45
83 145 38
124 131 2
13 177 11
23 114 33
115 177 49
84 124 25
8 123 40
173 196 12
11 114 20
47 130 1
62 131 13
163 176 21
3 57 3
94 188 49
33 147 4
116 164 3
22 86 3
77 139 40
29 131 15
44 94 9
107 141 34
65 108 4
21 190 40
81 100 30
33 134 50
150 158 10
82 150 40
137 191 43
113 135 41
120 136 2
133 138 17
43 175 4
33 152 39
110 178 35
90 188 27
37 195 37
24 143 15
65 126 32
9 38 11
58 117 37
69 162 12
91 99 12
61 116 33
35 144 9
49 139 7
10 166 8
90 116 50
114 159 37
103 170 27
104 184 34
34 55 23
3 131 12
4 192 48
19 124 3
118 199 27
15 16 14
20 98 44
91 192 16
13 185 11
69 139 32
80 173 31
25 135 13
73 196 6
68 200 4
71 99 20
145 185 29
106 156 48
25 182 13
47 94 31
2 15 29
29 142 10
63 128 16
77 81 6
38 156 42
101 161 9
2 75 17
49 132 21
74 129 26
20 91 27
78 145 25
74 149 34
24 79 32
103 126 14
83 84 34
139 188 12
159 187 44
32 80 29
28 54 19
119 176 4
48 165 8
16 125 2
44 117 6
154 190 26
59 176 15
38 197 22
19 26 48
44 52 18
90 155 36
162 195 26
76 177 28
73 190 38
5 185 23
23 126 17
20 143 28
57 63 10
22 23 23
50 112 26
23 26 17
114 142 36
38 87 26
107 145 13
27 153 45
9 30 46
62 154 21
101 165 31
103 130 36
119 129 41
7 52 27
50 148 10
168 170 30
118 174 33
184 190 44
2 166 19
10 33 5
90 179 5
28 185 12
11 70 27
79 153 20
15 19 45
83 188 44
10 22 32
39 67 15
63 193 3
174 200 2
96 135 34
98 112 31
95 145 9
45 78 44
109 110 44
44 185 16
80 90 3
58 131 49
101 179 21
55 192 42
64 132 45
33 116 28
81 122 29
64 198 46
15 23 9
121 184 44
116 143 20
53 96 15
25 54 36
18 37 26
149 185 42
60 165 48
14 120 38
109 176 17
87 123 2
50 57 21
105 117 6
98 103 27
30 166 21
132 159 49
2 6 29
112 139 20
95 166 37
36 92 15
34 83 30
141 193 42
3 85 5
172 187 29
95 195 2
136 193 35
151 154 38
26 50 13
87 154 9
61 171 27
120 132 27
167 190 10
29 38 18
165 197 33
42 128 22
59 192 19
59 135 21
2 45 21
115 176 45
108 126 11
77 95 23
2 68 48
125 185 14
50 77 43
36 112 16
111 183 37
30 111 42
165 192 22
3 73 5
46 160 39
1 132 23
19 152 28
50 182 47
126 184 7
26 114 34
77 130 11
115 129 29
166 185 9
101 174 28
50 140 15
75 139 35
173 199 13
47 54 24
75 150 32
98 186 39
147 180 31
61 90 15
164 195 11
110 179 23
45 188 39
47 122 14
163 190 33
84 180 25
69 159 44
78 104 25
35 142 2
37 177 23
34 178 18
121 180 36
101 115 50
58 123 38
50 53 20
41 133 50
105 188 7
114 192 42
71 116 34
36 50 1
124 125 25
15 180 32
55 113 37
7 195 28
57 170 21
134 166 16
7 53 6
76 142 10
82 184 27
96 152 38
29 102 32
150 185 22
61 164 1
64 188 36
22 170 6
61 64 39
12 95 48
145 189 15
113 198 46
87 107 44
38 75 35
88 121 12
54 167 39
15 183 28
114 189 39
72 132 22
39 113 46
70 125 3
26 84 14
115 183 14
26 133 20
3 107 3
161 185 46
38 62 1
16 164 29
23 100 1
6 174 47
157 159 24
36 184 31
35 87 30
79 171 14
33 112 5
154 193 35
58 151 9
61 130 37
61 122 36
45 192 11
27 196 5
89 188 4
67 155 13
86 100 19
90 192 48
4 11 7
3 58 40
171 179 48
3 42 4
100 123 45
184 197 11
159 179 22
51 108 6
33 73 10
83 89 3
52 58 36
9 83 25
48 145 34
148 153 18
22 28 8
146 197 6
47 180 6
39 162 39
2 13 10
43 133 32
42 58 34
92 128 10
109 198 2
37 158 8
169 183 44
90 186 14
71 92 14
56 62 14
94 166 24
115 121 29
144 161 15
11 21 29
17 55 41
81 119 37
22 58 4
122 151 17
13 131 45
66 123 46
59 74 8
17 178 10
49 151 38
29 91 23
66 117 23
119 199 19
119 151 40
61 140 6
17 185 42
81 178 9
39 150 1
13 139 49
3 130 45
93 149 35
30 103 47
50 135 42
70 200 45
98 105 18
33 49 37
68 107 31
48 100 44
71 87 48
81 91 26
40 133 43
71 111 1
42 56 45
120 158 26
55 154 24
156 164 42
32 134 48
63 113 7
55 95 38
137 140 12
85 147 7
142 159 4
121 130 6
29 166 15
34 179 42
16 92 3
12 78 5
29 173 48
120 184 45
29 129 18
116 173 3
5 64 44
57 140 37
103 167 4
67 106 6
36 179 4
106 199 37
1 12 41
44 196 16
143 171 41
37 74 5
20 171 3
126 150 49
4 72 36
35 82 36
7 59 32
55 180 2
160 173 26
7 112 42
86 158 15
43 63 28
91 131 39
7 98 44
4 101 9
73 158 44
58 89 41
38 157 19
119 156 22
38 139 27
63 141 30
43 102 3
13 71 45
77 138 28
43 122 5
179 186 18
9 172 3
96 158 4
39 174 43
6 108 5
76 192 5
161 186 22
73 103 37
45 57 4
111 159 46
45 93 5
6 12 13
99 104 5
107 160 29
14 179 41
188 195 22
90 146 49
48 141 31
111 192 44
13 26 39
17 154 46
57 159 36
16 96 49
96 121 3
89 174 20
89 107 16
75 87 6
60 81 30
180 194 23
35 81 39
76 134 21
16 32 45
21 22 47
118 148 23
88 176 21
44 75 30
143 152 31
107 108 28
61 158 29
131 166 45
72 188 40
1 48 6
110 126 21
142 150 42
40 166 45
72 85 48
83 182 4
7 126 41
25 186 47
89 124 5
31 132 22
3 193 11
85 169 15
25 70 20
39 40 43
79 158 49
26 48 48
25 161 35
54 107 16
68 160 1
158 188 25
119 133 47
71 162 18
35 148 16
103 135 20
64 161 35
103 171 39
106 117 1
25 147 17
146 169 3
18 156 32
58 198 45
73 96 15
122 186 11
61 200 9
63 148 48
100 141 19
9 47 13
19 68 14
52 141 41
53 162 8
23 24 24
140 181 45
69 124 16
99 126 19
7 143 30
75 122 42
78 112 3
153 195 41
45 191 43
29 145 5
81 194 19
51 188 49
37 82 6
121 197 5
62 159 25
14 195 21
2 152 23
10 118 27
86 185 10
2 55 50
33 153 21
150 162 41
37 116 34
142 144 1
21 189 40
38 183 4
41 94 1
22 179 30
119 180 41
39 167 47
16 46 5
71 86 48
53 174 12
80 185 27
68 70 23
16 36 31
5 136 4
16 109 1
2 49 12
2 107 47
41 118 15
158 195 7
10 184 7
120 150 49
169 185 9
143 184 41
40 99 19
99 183 17
16 128 16
31 108 7
5 111 44
62 89 33
26 151 29
100 127 49
69 194 23
95 151 43
16 28 1
54 156 38
105 141 3
25 196 22
29 56 5
24 69 34
133 187 9
189 190 8
96 126 39
84 129 50
98 143 7
37 125 30
40 54 18
69 115 25
1 123 15
6 169 15
115 169 50
44 157 29
63 92 1
142 175 28
52 118 2
85 129 39
57 171 31
10 154 44
16 61 45
109 165 49
104 196 43
147 187 5
53 181 22
93 176 39
128 163 15
7 15 15
9 66 17
6 122 10
54 191 37
141 144 10
13 111 36
83 163 25
91 198 10
49 55 28
36 96 15
54 197 41
135 150 12
9 105 22
2 130 30
37 94 35
50 163 43
135 159 33
114 152 30
40 128 42
45 77 11
117 175 45
52 167 16
91 120 5
21 165 38
12 185 43
95 144 3
61 166 13
41 140 25
152 195 35
123 193 13
120 160 10
44 104 31
40 134 30
100 104 12
80 134 30
73 194 26
87 177 20
31 64 23
3 83 19
77 128 43
86 179 9
108 165 29
65 105 41
67 167 6
120 151 18
40 186 2
51 95 28
45 65 15
67 189 49
61 137 36
26 168 50
26 143 3
137 184 41
119 135 28
116 169 49
88 189 13
86 98 2
111 132 47
78 177 40
26 74 7
21 91 25
21 115 7
183 199 41
12 74 33
47 126 26
104 112 15
36 69 6
35 151 7
21 171 48
79 184 45
60 87 16
96 139 34
120 138 28
62 186 48
63 177 35
129 152 49
167 173 44
91 97 42
104 150 39
90 137 2
37 197 47
87 155 12
61 115 29
29 198 43
9 56 20
145 192 45
35 111 42
14 83 9
43 125 23
32 173 16
33 129 17
12 162 32
55 182 13
138 153 13
117 148 24
128 197 19
89 142 32
64 191 42
25 51 26
38 173 31
69 189 18
19 29 37
125 136 13
55 181 40
51 113 37
135 143 34
4 119 43
75 81 30
5 93 40
13 102 36
60 199 35
95 187 9
60 72 41
143 170 13
146 155 13
41 178 9
34 64 17
73 125 5
55 117 28
24 142 39
107 116 17
16 71 12
87 136 25
97 196 39
35 138 30
109 147 44
70 169 9
29 156 20
16 73 20
81 175 6
79 127 41
28 152 44
131 177 8
42 111 49
12 145 45
168 191 8
26 94 48
17 184 47
20 180 20
8 95 13
6 143 8
75 147 32
14 163 10
39 82 21
51 181 12
109 112 5
105 195 32
39 159 4
72 79 29
26 97 32
114 191 8
34 37 45
148 197 32
37 184 4
51 199 13
66 125 6
8 157 49
72 178 8
113 199 24
6 58 43
3 13 30
23 54 43
123 164 32
10 149 16
44 182 29
86 107 11
117 123 9
94 141 42
189 191 43
69 140 31
21 57 5
65 187 17
168 196 24
40 147 14
98 155 46
85 86 42
131 158 27
71 96 39
37 174 1
86 129 32
41 95 5
63 77 7
36 94 26
13 101 50
36 170 36
66 78 5
6 38 35
36 79 34
33 39 4
158 180 48
33 84 27
53 125 27
89 132 13
42 120 22
21 94 25
22 24 31
2 41 24
5 151 19
25 39 40
6 114 38
28 140 25
53 73 31
43 59 13
99 190 21
29 124 22
108 172 7
24 73 32
99 192 47
97 135 17
9 143 26
12 35 5
24 53 38
21 199 25
171 186 35
14 57 1
132 163 22
35 166 50
52 120 18
14 74 24
39 133 2
124 168 1
62 144 20
146 165 38
153 168 29
114 139 20
107 137 45
21 80 12
77 166 48
5 160 31
13 125 15
164 188 7
51 185 7
71 184 2
124 185 16
149 157 44
27 34 16
56 58 35
15 72 31
165 198 7
18 58 19
24 66 20
88 158 33
42 156 12
152 156 9
111 148 48
32 96 36
30 95 25
141 161 17
75 173 21
115 133 25
75 100 9
70 104 39
157 183 3
60 151 21
152 187 5
36 124 40
64 108 46
93 158 7
126 152 24
23 95 21
65 104 24
44 125 45
46 81 11
6 102 31
107 119 44
56 160 21
27 96 13
95 176 6
160 196 43
100 169 27
114 138 49
109 173 12
10 39 3
40 158 35
18 99 36
23 161 43
111 143 43
19 155 1
131 154 5
40 85 6
4 109 47
56 164 13
2 90 6
1 67 12
15 141 17
9 124 25
63 159 33
166 194 30
63 122 8
84 133 18
8 186 15
16 158 6
32 195 20
142 155 7
108 161 48
24 62 45
43 77 30
136 155 30
144 184 14
64 158 50
25 42 22
5 118 25
22 187 35
143 159 47
9 167 3
2 71 29
33 190 5
153 181 27
92 190 11
70 168 35
46 114 35
41 97 30
43 91 34
76 162 1
25 109 33
135 165 5
25 168 9
53 111 46
15 74 3
70 95 28
87 148 43
59 92 29
2 23 22
123 158 44
45 148 46
40 146 31
88 141 19
69 117 16
158 171 1
25 187 21
88 183 12
22 151 29
98 189 1
106 170 2
2 22 12
139 158 17
135 140 27
39 57 29
70 80 35
146 152 7
26 34 42
166 184 13
30 118 24
86 194 31
39 161 40
166 169 24
113 180 32
150 195 44
146 158 31
16 83 41
40 52 42
134 178 23
59 76 28
18 71 8
59 142 28
116 176 12
1 19 20
37 187 45
88 170 46
4 92 43
6 182 43
21 161 41
97 199 37
55 155 20
15 63 48
130 176 31
76 197 11
11 127 34
10 128 41
73 80 44
69 148 12
74 108 46
10 155 49
32 93 2
22 188 41
28 103 33
136 152 49
55 198 46
153 176 44
57 96 7
52 62 20
134 181 44
74 157 42
124 150 4
35 114 23
41 181 32
43 61 20
191 195 47
41 190 3
73 160 43
107 174 23
88 175 28
12 88 26
27 197 26
50 82 3
119 142 46
125 178 5
136 182 44
140 175 34
31 111 10
4 54 39
59 112 19
11 73 21
9 23 31
107 147 7
36 127 31
65 150 15
122 156 28
8 116 12
34 129 39
65 156 43
21 123 9
40 55 44
120 195 8
1 26 43
94 99 37
78 95 19
31 135 22
36 188 34
66 121 49
16 58 31
23 170 2
113 115 8
19 104 40
88 131 10
56 95 24
41 69 37
151 180 14
1 8 43
32 159 41
195 200 36
90 119 27
25 49 49
79 83 9
65 176 26
25 88 31
185 186 14
166 198 27
116 197 22
14 71 49
44 110 10
84 157 14
138 146 2
119 164 9
2 12 28
47 171 1
6 147 1
17 111 20
40 190 46
60 170 6
145 193 21
102 149 23
88 98 15
173 194 15
20 47 32
19 176 38
113 192 18
94 142 48
64 176 8
124 198 49
124 163 50
5 161 48
17 180 34
117 174 17
79 86 31
57 122 41
129 177 30
84 127 37
45 197 44
10 66 28
29 115 1
75 142 29
9 146 37
61 81 27
44 64 27
132 165 39
173 183 2
77 114 27
41 75 11
97 111 38
55 101 33
65 180 37
57 157 32
13 153 39
107 198 42
96 125 50
138 139 33
147 198 22
101 162 26
59 138 16
18 190 14
49 112 1
170 183 40
69 109 32
81 186 7
38 112 44
51 186 15
91 130 25
85 159 6
12 165 22
83 198 11
33 125 39
7 101 3
17 36 30
137 154 1
52 174 17
36 68 37
63 86 19
57 155 21
110 152 46
34 99 34
111 145 30
121 175 41
100 168 15
31 145 31
92 157 30
123 161 22
4 135 18
133 147 19
3 121 23
109 125 29
139 174 44
29 101 8
34 139 47
39 50 44
168 200 8
11 198 37
75 124 34
35 92 31
93 153 7
50 187 11
44 72 48
39 45 3
135 172 27
76 145 30
49 160 1
132 153 2
14 147 38
42 197 7
40 65 22
109 143 9
53 89 6
18 63 33
1 6 16
53 123 39
74 100 2
32 126 29
48 140 38
154 192 30
32 36 46
151 191 15
81 129 15
102 187 24
115 143 41
69 138 46
92 169 9
6 40 14
3 10 49
64 71 38
115 200 15
54 131 18
127 132 47
12 81 22
56 150 44
28 180 44
161 177 43
109 117 3
70 88 39
133 196 37
30 83 40
18 41 13
133 137 30
91 126 45
9 193 38
96 187 14
43 108 17
43 84 45
41 127 38
17 80 48
116 183 4
4 7 44
128 181 32
26 176 18
70 78 11
59 64 13
24 161 23
181 199 3
102 168 40
197 199 24
53 114 25
186 198 40
72 144 45
68 75 33
86 102 48
14 125 15
122 184 44
1 88 15
131 187 11
34 189 14
3 178 19
2 34 4
11 175 39
163 181 45
74 199 26
6 8 34
6 133 18
57 154 5
57 186 9
7 14 45
15 195 39
73 136 4
168 199 17
2 47 36
30 141 28
31 182 18
65 130 12
8 25 26
182 199 35
88 143 47
47 138 20
83 196 17
87 113 31
94 104 26
54 198 31
143 164 38
3 93 8
27 67 40
43 103 33
55 176 12
153 190 47
94 106 36
154 194 34
153 170 41
84 182 14
18 40 14
91 119 47
17 168 41
29 119 36
52 122 13
2 86 43
169 179 50
37 107 36
142 193 20
63 176 21
110 176 5
29 183 50
37 58 35
194 200 45
1 42 23
46 133 1
87 142 20
23 111 50
102 134 50
66 169 21
119 150 18
43 112 30
46 87 15
6 37 6
2 113 22
47 92 46
39 84 40
65 112 36
10 114 40
119 131 7
129 178 45
8 133 12
104 123 3
2 94 20
20 96 34
120 191 18
54 125 4
100 172 32
39 58 46
12 77 30
4 95 7
145 182 41
51 68 43
8 142 47
33 180 27
2 128 20
23 185 10
91 194 15
83 132 24
25 93 11
21 177 33
1 137 15
142 152 29
39 154 16
56 108 9
30 197 26
140 142 16
160 187 40
134 151 5
40 62 42
111 177 49
11 27 20
77 78 47
175 185 43
108 192 35
113 136 50
20 65 43
32 94 43
2 184 3
146 164 4
4 124 22
45 130 24
57 172 20
184 187 31
89 147 33
77 153 20
5 61 36
29 35 25
4 184 21
68 178 46
57 72 9
32 183 36
108 143 35
137 157 27
39 138 12
138 187 4
134 177 16
139 157 33
23 176 19
11 179 47
26 164 28
117 160 18
86 174 14
118 164 6
79 136 7
90 168 41
136 161 50
21 152 5
66 159 44
76 128 2
108 169 37
54 128 12
94 111 37
2 109 22
80 149 7
124 197 41
23 193 16
117 133 34
1 66 28
103 149 24
117 178 13
25 45 7
29 121 42
69 165 25
8 117 24
44 141 44
114 164 17
91 121 49
131 152 39
107 149 11
99 143 15
47 85 44
161 193 15
149 172 50
15 27 15
74 123 17
23 73 9
163 180 5
9 36 38
113 122 27
78 117 16
183 193 46
90 172 5
19 33 40
38 77 44
132 200 17
13 45 13
11 153 9
190 193 37
125 182 27
4 158 6
44 175 40
79 96 33
56 97 2
130 137 24
155 167 24
77 184 25
54 190 25
89 200 29
6 57 1
99 111 50
105 109 43
32 73 50
10 62 24
74 139 15
13 93 22
45 60 12
98 141 14
28 135 35
49 58 34
112 134 38
47 125 22
27 82 7
122 178 45
71 165 40
75 138 14
77 145 38
109 133 22
92 152 21
43 85 39
1 90 13
145 163 39
55 144 27
1 152 10
76 81 44
137 145 39
120 127 41
74 106 36
19 66 7
77 107 25
67 79 6
153 197 34
51 187 18
34 118 22
66 155 50
72 166 40
163 164 9
18 148 4
68 180 5
18 134 8
137 197 44
59 87 12
78 188 45
25 152 8
2 105 15
14 151 42
35 36 28
145 195 13
92 180 14
60 123 3
41 52 41
65 99 11
125 176 16
67 169 33
55 78 8
93 125 24
75 131 1
1 80 3
52 195 46
34 51 21
22 123 16
184 192 24
174 199 8
17 188 44
187 198 16
128 172 1
37 194 9
82 172 22
37 57 16
77 158 5
117 200 12
62 192 16
76 94 16
49 136 21
90 144 19
53 104 36
73 110 6
143 194 33
47 151 48
10 101 37
129 185 19
134 135 45
49 169 9
8 105 38
83 154 26
72 90 13
12 55 42
169 200 40
17 159 38
71 90 19
39 144 36
51 55 15
97 165 34
71 127 47
26 29 2
132 171 43
43 67 34
26 60 14
44 78 46
103 182 8
191 196 20
37 141 38
164 174 43
9 149 7
43 90 2
11 123 35
3 43 39
55 128 31
76 159 49
4 26 41
83 121 12
149 192 22
85 89 14
72 95 32
52 125 43
12 79 14
10 116 25
92 191 23
28 190 11
121 128 18
7 49 48
186 197 9
17 169 42
17 51 8
30 102 27
108 168 41
30 124 43
188 191 6
7 90 15
98 191 33
176 193 13
84 171 31
15 168 14
13 140 8
36 178 29
51 61 6
39 73 5
103 195 32
127 198 39
8 88 5
21 44 21
39 198 34
101 191 46
125 134 12
135 180 29
69 74 6
49 125 24
36 67 31
78 190 38
59 166 14
8 57 17
87 121 12
63 157 33
67 78 5
78 162 45
31 90 48
37 80 29
25 160 34
1 7 45
28 44 49
93 141 17
81 112 1
49 176 32
48 87 27
26 140 46
53 146 11
16 19 1
107 154 2
92 101 26
83 104 12
184 200 46
89 94 11
3 27 45
170 178 8
5 58 44
21 163 30
15 69 4
45 111 11
31 119 34
115 167 47
17 58 15
76 173 31
89 176 29
124 173 22
19 22 7
64 163 15
52 61 22
147 200 2
10 187 47
22 29 49
85 172 37
102 105 22
172 175 23
76 86 28
59 72 23
49 147 47
24 67 46
28 30 3
55 130 21
18 110 2
1 142 27
9 18 48
43 140 23
38 154 11
8 132 35
76 144 28
68 197 10
77 196 47
103 133 48
28 122 24
34 193 20
18 196 28
2 74 39
162 171 5
86 117 2
170 176 42
157 167 33
68 132 28
21 41 46
122 200 31
172 188 19
29 50 2
144 180 41
96 178 34
81 190 39
76 125 13
12 38 16
59 158 37
70 116 37
24 124 29
19 56 9
24 125 33
45 50 19
31 41 47
9 137 13
28 174 1
17 49 12
58 98 15
22 53 18
131 155 14
51 135 17
56 120 43
93 172 49
45 83 21
141 200 8
19 101 33
82 106 40
62 153 13
1 122 16
49 85 34
37 151 45
17 94 38
107 114 29
149 169 40
47 148 49
84 93 33
32 161 1
108 128 37
87 96 36
27 108 20
119 153 43
73 189 26
119 161 42
18 30 41
23 57 19
58 144 10
190 192 10
99 151 7
48 92 9
124 126 7
128 175 26
171 189 12
9 139 5
159 183 1
29 68 22
88 177 29
63 80 2
11 43 26
43 142 29
23 101 26
40 42 7
79 156 11
22 99 47
25 87 50
22 118 7
101 138 8
34 109 7
49 164 10
123 200 50
93 95 5
40 58 42
99 148 50
77 197 44
12 109 4
177 178 10
78 186 6
131 176 43
73 172 32
64 141 22
124 135 46
23 148 15
26 166 41
57 64 10
52 162 5
100 174 24
88 122 25
12 36 17
69 75 33
47 182 49
4 85 42
129 137 6
7 115 43
119 177 41
29 185 10
153 199 17
101 146 33
10 44 25
21 147 11
134 175 5
38 82 3
95 154 36
103 124 22
84 147 42
26 185 6
72 82 18
157 172 5
35 105 40
20 133 28
80 160 26
32 102 14
67 129 5
64 154 45
40 110 34
133 190 31
76 120 47
102 121 13
71 144 47
148 149 32
68 86 28
142 187 24
84 186 5
126 149 24
70 177 36
3 4 37
28 118 18
17 72 7
23 48 48
12 54 9
20 121 14
3 149 6
24 108 49
79 165 33
13 117 39
31 140 7
14 200 22
27 129 23
1 40 4
78 184 7
127 171 41
20 82 32
74 168 48
44 138 17
7 155 14
68 92 23
97 185 33
9 79 21
144 173 48
57 167 26
120 180 3
137 151 28
83 131 48
83 120 11
62 193 10
46 98 5
46 62 21
56 66 22
45 146 28
12 178 36
90 118 17
169 195 21
3 127 46
114 193 22
97 148 29
49 57 48
28 87 15
160 197 15
23 92 16
9 110 5
87 189 36
141 184 30
117 126 42
121 183 9
6 85 9
12 102 40
16 200 3
16 67 14
159 162 4
32 129 28
93 99 17
41 90 13
32 184 19
11 25 24
105 179 15
91 186 35
123 147 27
27 39 24
31 192 15
71 123 50
47 131 25
3 66 24
133 194 2
78 176 8
27 35 38
61 87 9
58 102 2
96 167 32
7 61 20
20 78 40
73 191 49
10 26 27
63 85 48
62 132 36
10 24 6
8 120 30
50 126 33
25 175 37
26 183 5
118 200 50
40 96 28
188 198 25
28 192 18
62 95 25
120 197 17
134 164 1
50 116 19
104 116 25
39 171 3
116 156 11
97 171 48
93 144 38
165 184 45
62 105 19
77 97 10
32 151 22
43 101 10
91 96 19
125 173 3
36 83 49
67 197 47
96 177 50
24 80 41
10 117 35
57 199 21
23 159 39
70 81 44
26 30 12
39 145 13
43 139 47
1 158 21
21 191 17
23 117 29
21 31 40
126 161 43
25 181 16
12 183 2
8 58 3
66 84 7
70 126 50
38 73 35
25 40 29
10 73 29
128 166 13
23 167 50
54 81 13
18 132 32
78 116 9
171 198 26
1 3 9
22 106 13
5 140 42
34 63 6
16 56 17
31 120 1
25 66 41
56 61 45
18 102 13
63 82 24
136 149 8
53 106 4
95 153 27
28 109 36
161 162 23
128 148 47
103 148 5
75 127 3
51 133 22
95 191 32
133 134 38
15 165 29
73 197 49
149 154 16
124 175 27
40 91 37
4 199 28
123 190 29
54 196 6
92 120 7
127 150 43
60 68 21
3 157 32
156 171 21
29 31 5
98 199 4
7 68 37
14 36 50
47 196 14
116 167 47
185 192 35
6 171 21
19 134 35
114 169 31
1 58 45
62 117 28
60 149 10
100 116 44
143 187 24
73 107 18
112 167 37
14 31 47
103 192 26
143 180 47
127 149 50
10 25 1
132 137 50
68 96 28
1 138 26
9 85 47
117 190 37
165 179 37
148 200 25
113 193 5
127 181 30
48 162 5
16 82 33
118 197 40
28 125 13
71 78 44
57 158 5
21 175 3
72 77 19
40 174 1
58 195 11
90 126 15
129 164 34
35 191 19
20 190 33
81 114 39
126 175 37
45 171 23
145 146 19
28 60 24
6 157 17
36 117 28
11 87 28
42 60 33
87 101 47
115 198 16
21 133 26
74 137 34
95 167 26
60 100 15
158 179 16
34 119 6
93 140 11
26 37 50
57 153 1
31 96 40
34 108 31
24 44 20
124 144 34
125 187 20
14 95 13
87 98 23
82 116 47
22 139 23
25 195 20
137 172 50
20 177 31
54 110 16
69 193 40
55 68 22
57 88 1
145 173 34
84 139 33
71 83 42
78 150 36
154 189 44
2 187 49
11 47 26
61 110 23
63 200 34
62 78 20
68 109 21
111 117 46
18 171 47
82 198 16
5 79 30
76 118 10
76 122 46
93 165 39
99 153 21
82 91 25
122 170 11
62 194 9
29 193 8
7 31 31
151 200 29
34 103 25
69 91 16
71 88 2
27 188 47
138 173 11
48 69 46
38 69 46
138 181 50
16 100 32
88 147 37
14 181 24
164 178 18
20 80 7
14 77 47
132 193 25
96 113 25
19 65 34
77 123 46
67 124 20
111 178 6
9 93 34
4 120 44
64 129 45
33 119 18
24 76 27
21 99 31
5 86 2
98 117 25
151 176 50
103 128 29
114 132 47
20 167 10
65 92 12
120 141 16
35 136 48
15 184 10
72 83 31
122 164 49
35 84 26
157 179 37
90 180 28
38 190 42
15 45 32
132 192 13
53 178 8
49 150 23
90 164 41
37 169 19
70 138 24
23 198 7
187 200 25
17 69 42
61 144 40
103 132 37
6 95 3
34 56 26
60 157 42
50 172 49
71 80 10
123 144 48
40 180 3
78 132 14
61 96 47
24 94 6
78 108 50
7 83 29
31 170 38
17 89 29
32 180 26
47 186 43
32 146 46
126 193 33
109 118 21
14 111 40
124 139 20
9 190 27
158 166 6
1 128 27
182 187 24
50 166 17
159 186 43
113 141 30
124 155 23
8 52 26
33 36 15
86 173 49
11 80 25
102 200 10
67 148 13
57 79 19
8 29 6
88 101 13
2 174 2
60 105 10
132 197 27
20 31 34
57 130 18
97 128 44
125 180 49
120 143 14
74 175 49
16 160 49
139 171 30
40 149 9
30 107 10
121 182 45
31 82 21
48 181 12
139 165 48
82 135 8
10 186 21
139 173 43
53 121 15
15 158 12
61 70 49
11 86 20
22 48 46
74 152 17
97 192 26
17 176 20
4 89 28
42 87 9
64 173 31
106 135 28
107 127 46
61 120 11
108 127 18
124 140 42
43 187 37
4 13 34
85 91 6
16 138 50
108 195 11
102 157 12
42 199 45
24 162 3
124 160 21
21 164 36
99 127 2
46 64 34
140 190 24
4 9 29
6 86 35
21 134 3
49 166 10
118 194 34
89 161 40
42 129 21
98 148 25
12 108 48
23 188 10
79 87 43
166 171 45
32 45 42
142 167 24
26 98 39
2 155 34
94 182 18
81 120 32
90 190 9
36 133 33
30 115 14
105 130 39
99 167 24
18 60 12
60 158 15
90 108 43
19 43 34
33 165 47
9 48 50
55 59 22
76 124 20
165 196 38
10 65 26
114 163 42
78 103 16
20 162 48
172 199 28
123 194 8
113 138 4
67 186 10
133 175 42
130 188 37
1 51 39
129 170 14
63 190 16
68 184 40
100 192 21
127 174 3
96 120 12
79 134 9
172 184 22
80 115 11
158 185 43
57 77 23
34 130 41
7 156 6
11 54 38
36 147 14
55 194 14
121 145 1
37 112 17
17 192 24
149 182 30
113 121 16
43 135 19
43 47 36
82 180 23
52 103 32
37 64 14
84 177 6
30 68 30
165 189 14
14 117 31
73 131 27
7 12 9
107 184 49
41 116 26
27 156 24
143 167 44
51 148 46
82 89 41
63 81 42
41 154 13
25 193 27
46 172 40
132 166 35
132 135 3
91 178 32
76 170 45
80 174 30
117 128 14
51 103 16
34 200 36
54 77 30
92 161 16
130 168 14
75 113 21
89 93 38
104 109 6
97 102 18
55 184 5
138 174 42
164 183 16
115 162 48
121 176 16
135 170 19
191 200 27
24 110 25
72 133 9
90 145 19
48 77 33
10 198 40
126 171 50
146 160 18
49 116 48
151 167 31
110 111 22
126 199 9
112 136 45
140 149 50
64 195 13
121 149 22
52 92 7
62 196 24
75 132 45
14 73 18
65 113 16
4 111 41
115 139 16
2 143 17
67 140 21
160 181 32
129 193 37
49 79 29
88 129 39
50 198 35
57 133 30
64 87 17
22 108 33
48 101 20
25 153 50
19 153 22
75 91 12
6 52 48
135 156 22
144 190 42
28 169 24
26 55 20
38 101 22
13 188 5
28 198 47
28 84 10
60 83 31
14 39 50
25 148 11
100 194 1
155 163 27
69 174 40
102 151 41
118 165 21
7 133 22
111 169 26
41 129 27
162 191 24
77 87 33
47 136 38
8 68 7
116 147 41
31 133 40
38 104 3
48 131 5
155 189 48
3 169 22
108 157 15
88 95 19
76 189 8
21 137 14
32 135 13
165 188 33
156 194 46
58 167 27
126 182 44
18 103 44
22 88 32
149 176 27
124 186 38
9 135 7
68 164 5
55 116 48
145 155 4
13 169 18
98 173 18
113 145 31
5 138 11
131 183 30
30 55 27
50 197 4
13 62 10
73 177 1
71 185 44
2 103 25
29 128 41
46 176 32
50 89 13
147 153 4
50 102 18
26 188 6
155 160 37
86 131 45
56 126 29
40 121 21
30 152 16
50 190 34
34 75 37
75 148 42
103 119 22
37 146 2
117 141 28
42 178 17
9 84 36
11 58 34
79 157 19
53 115 20
78 128 17
50 124 46
73 135 38
62 92 21
32 162 50
103 108 17
3 17 33
9 14 44
133 167 34
36 113 46
12 110 9
107 121 8
112 154 14
75 168 37
62 84 26
27 200 41
102 177 28
84 161 9
158 168 43
48 186 18
101 173 36
75 182 44
32 155 18
59 145 34
12 181 23
70 173 11
52 68 17
147 159 9
17 35 6
32 165 38
24 175 28
25 116 8
86 180 40
14 148 25
6 66 18
21 78 44
71 164 38
96 190 30
61 124 1
72 181 35
119 120 1
27 38 47
21 69 44
158 174 13
66 92 46
88 133 14
54 200 22
109 127 44
17 181 8
11 46 26
44 171 17
133 141 30
145 157 43
5 47 41
89 127 2
123 136 11
187 189 43
99 168 17
39 93 5
119 174 18
5 28 10
150 159 15
101 133 27
112 177 25
69 152 48
121 171 23
47 181 1
8 146 30
80 124 21
55 142 29
83 122 37
8 152 46
2 110 21
38 140 9
45 52 16
123 148 3
78 148 10
6 200 7
59 104 36
48 91 33
21 29 11
19 48 36
59 114 18
19 62 13
68 105 49
146 180 46
77 93 45
5 132 18
90 111 26
11 146 28
171 178 31
76 182 13
84 185 35
49 97 30
90 200 17
16 127 11
68 185 5
155 197 7
93 192 19
18 158 41
77 169 45
28 131 17
51 115 32
37 92 40
139 159 50
21 90 24
128 149 12
161 179 27
116 138 26
80 120 18
129 184 14
2 104 7
62 135 9
55 122 24
37 62 47
36 90 34
21 170 6
56 85 46
7 137 8
26 112 42
8 17 9
75 195 50
111 190 18
112 125 4
58 115 49
13 14 34
111 181 13
18 182 15
59 70 48
63 151 36
46 110 43
1 161 37
102 120 17
38 174 19
26 152 39
169 187 17
4 133 6
56 159 16
154 181 26
87 117 33
12 63 3
83 172 48
133 136 11
129 168 49
11 30 43
21 46 33
103 139 25
27 101 42
34 138 30
148 150 50
49 183 10
26 121 8
10 193 3
140 182 48
16 119 5
16 38 23
17 93 9
14 139 19
