200 9950 50
36 128 12
131 140 4
103 162 26
69 123 4
14 124 18
125 126 20
94 170 9
79 102 32
88 190 20
22 50 39
5 14 18
64 136 31
64 174 29
85 116 38
60 183 40
94 159 1
25 146 30
79 177 13
91 200 27
71 149 16
30 90 22
65 97 26
54 191 39
122 187 28
77 133 48
45 149 20
119 150 23
60 128 43
62 181 12
5 45 29
73 92 43
100 182 31
106 172 24
93 108 35
7 160 24
23 61 3
41 139 40
139 189 17
125 176 49
82 197 35
48 175 27
81 161 8
64 180 31
42 169 33
37 131 36
35 145 41
107 153 33
91 164 40
75 112 28
43 116 41
11 54 29
1 90 42
114 118 26
123 181 42
26 194 31
15 173 42
1 184 1
79 159 12
34 199 17
9 179 28
124 139 43
35 171 50
24 89 18
1 110 10
8 117 42
144 169 40
73 79 49
21 47 2
150 192 17
16 168 32
19 36 26
8 71 21
30 176 4
160 197 16
62 102 47
50 124 8
14 145 10
15 52 11
29 182 16
65 160 38
91 185 49
128 190 3
23 50 24
71 193 8
57 88 33
79 125 2
87 140 16
39 195 16
12 127 18
42 123 26
2 66 29
169 177 7
79 178 31
84 196 42
90 112 43
31 138 44
63 155 13
165 187 22
13 193 25
139 193 45
110 186 21
22 152 13
35 186 42
60 117 13
119 161 35
111 178 50
84 127 9
51 104 26
162 167 17
41 58 36
127 132 21
6 189 50
4 98 5
13 114 22
5 157 33
9 135 34
4 136 29
60 109 21
48 92 27
87 118 36
56 129 50
24 84 44
88 180 22
7 137 37
31 187 10
59 109 48
175 185 43
47 165 34
12 94 14
116 149 37
100 130 49
53 66 34
35 134 31
91 196 24
97 145 39
115 164 37
2 138 21
55 84 40
135 155 5
87 194 9
14 78 33
95 129 36
41 88 9
157 200 8
25 195 14
117 194 35
124 191 9
82 91 28
88 184 6
48 174 15
80 157 9
61 117 5
163 175 48
30 180 37
39 98 12
123 182 44
38 107 3
2 11 6
44 79 22
22 196 2
74 174 41
8 13 50
127 180 47
35 188 3
38 120 27
100 176 23
97 197 31
167 183 7
35 153 17
107 108 14
95 178 26
56 100 27
12 184 36
34 163 24
41 73 31
136 173 9
24 122 16
61 158 47
60 73 2
55 156 7
62 85 29
30 170 12
41 117 46
67 194 38
155 168 18
43 170 47
55 198 18
57 148 18
165 182 29
146 194 39
58 72 28
19 198 10
28 171 11
24 57 5
50 100 16
74 149 14
14 136 33
62 93 49
130 168 39
79 200 37
64 115 26
114 184 34
130 173 11
84 191 14
81 125 37
6 31 45
35 101 11
157 180 45
133 186 12
42 62 48
118 193 33
57 160 43
24 198 49
48 156 33
62 88 42
23 170 50
133 138 34
78 196 14
56 67 24
93 174 23
9 140 47
57 76 11
177 192 11
10 141 12
75 161 24
26 185 7
148 179 20
9 72 1
146 186 45
14 85 9
15 159 34
82 83 18
70 93 9
52 77 24
5 190 10
2 70 35
22 65 5
26 32 10
164 200 17
90 144 30
186 198 7
83 107 14
90 108 46
77 157 28
48 67 49
20 26 38
127 143 32
125 150 34
64 199 33
93 145 14
56 132 33
29 104 23
91 127 32
68 179 13
23 140 4
128 135 26
103 158 9
144 151 4
58 152 26
2 156 47
104 177 6
141 189 37
119 178 28
36 175 13
67 94 46
10 117 48
39 193 15
18 120 19
25 160 10
3 136 26
23 46 47
28 137 7
77 173 47
111 185 8
38 151 32
136 163 22
111 145 2
75 83 9
17 100 2
73 188 17
56 189 21
165 174 26
33 171 4
20 84 41
35 80 3
73 126 20
168 187 43
80 121 10
2 177 8
54 153 11
118 142 4
68 148 9
97 200 21
48 167 42
67 119 3
130 187 42
185 192 21
28 74 10
3 168 15
11 52 20
46 118 17
82 136 17
23 187 19
116 126 19
139 153 8
46 158 47
67 127 48
75 123 34
38 46 34
27 164 11
25 44 16
28 164 19
97 99 10
55 63 9
78 120 35
41 143 18
43 133 49
1 169 15
79 161 16
70 110 40
172 187 22
116 174 45
23 154 30
99 183 26
83 175 14
16 145 6
40 100 36
99 126 24
36 88 30
108 172 26
155 197 11
116 120 8
2 127 32
81 123 48
124 178 12
94 200 21
27 80 17
117 134 17
152 154 46
29 173 35
17 94 23
7 51 36
24 51 7
19 91 39
58 192 47
32 78 46
80 99 5
69 184 43
78 133 41
24 77 39
91 143 50
40 119 14
144 200 30
5 68 8
120 193 29
62 160 37
10 29 37
65 176 1
84 90 43
88 108 24
70 178 47
87 134 50
129 138 17
71 117 37
71 175 42
42 59 2
73 199 36
70 127 33
76 98 33
61 120 8
32 107 39
20 141 18
96 159 22
72 79 48
139 145 24
25 36 14
83 160 38
1 151 15
54 98 40
140 155 38
92 162 5
189 195 36
27 66 30
7 37 24
89 194 33
32 72 32
85 175 1
84 146 9
97 158 21
134 174 42
48 70 7
45 172 36
48 120 19
8 47 50
27 157 41
98 128 40
99 129 20
38 189 8
21 96 2
136 192 32
114 161 24
10 63 11
62 108 33
45 62 29
28 128 12
104 165 40
37 90 43
96 185 17
23 88 6
43 78 24
39 135 5
111 134 14
13 30 3
24 109 13
180 189 3
104 125 4
172 192 2
21 183 7
83 119 42
145 165 5
31 51 18
77 119 27
44 82 24
38 96 36
119 183 32
24 30 11
117 164 22
56 133 11
2 93 48
67 179 40
37 59 13
47 189 17
2 123 9
44 190 31
106 182 4
85 140 12
138 179 23
107 173 9
107 189 47
28 108 18
27 124 42
50 158 9
47 146 22
36 191 6
10 138 24
5 122 29
18 181 8
7 190 48
8 65 37
42 136 16
5 199 17
22 39 34
7 23 19
31 62 29
32 145 42
156 187 37
49 55 30
41 79 36
143 190 12
5 10 11
68 79 41
61 123 37
35 177 36
86 93 34
21 73 44
36 102 41
93 117 49
21 124 6
123 128 47
14 99 38
9 109 23
90 183 5
132 166 11
18 164 50
128 141 12
11 103 41
62 118 49
165 171 14
53 136 46
99 157 50
57 196 44
110 145 39
28 151 21
40 82 39
99 174 9
154 183 12
14 184 48
141 158 33
44 151 8
86 156 26
12 22 41
49 186 23
67 120 36
63 133 27
168 197 7
20 185 18
81 144 16
19 56 5
137 155 32
98 110 37
16 106 21
39 43 36
58 160 11
50 140 24
40 46 30
19 192 26
14 31 12
77 179 8
21 63 21
11 181 2
19 166 25
8 18 45
77 110 14
20 99 4
64 131 26
61 96 33
102 120 40
37 153 18
8 54 24
36 121 44
5 9 40
68 157 14
33 127 9
26 38 15
53 148 44
104 146 1
13 35 26
5 101 2
155 181 49
22 128 40
88 89 20
52 74 5
57 117 36
15 33 32
35 77 7
77 177 12
65 88 23
31 170 33
57 135 24
75 100 35
130 146 46
7 105 1
55 164 20
43 145 3
60 80 5
160 163 8
25 77 43
40 43 14
8 200 34
134 152 43
12 77 11
33 146 39
49 146 48
103 105 3
43 83 4
131 136 28
124 199 35
181 199 36
43 192 12
17 63 25
28 132 50
29 132 35
179 196 47
64 135 2
74 75 4
19 66 29
72 85 20
38 67 17
132 200 10
132 155 24
17 119 20
34 59 18
130 186 2
4 131 37
13 188 31
1 100 20
89 126 10
130 137 12
152 174 41
155 170 50
84 178 32
54 63 12
73 169 18
42 72 45
29 198 43
52 152 1
39 126 33
22 89 2
24 142 33
164 179 41
86 129 27
45 49 21
19 112 42
102 142 7
97 153 15
146 150 24
182 198 1
91 120 6
3 149 29
25 100 3
124 131 25
25 83 22
13 129 27
58 138 7
35 163 4
59 136 46
10 133 29
63 177 48
56 122 37
16 76 20
150 164 44
18 51 2
37 118 38
28 72 15
76 196 14
110 117 23
37 128 21
43 102 6
55 152 42
67 97 26
75 115 33
16 149 44
23 37 47
110 128 40
72 171 9
12 175 1
77 178 20
10 101 6
74 193 22
93 190 27
35 157 41
23 127 50
55 66 12
125 131 21
46 112 25
75 144 38
12 193 13
111 170 37
72 83 19
56 77 13
131 166 25
62 90 21
32 160 12
154 157 25
92 177 18
75 159 6
35 48 18
90 177 6
4 59 21
49 76 16
46 81 45
35 45 10
104 150 22
144 198 25
89 116 44
29 158 37
27 158 11
23 123 20
135 160 32
136 164 7
76 108 44
27 43 8
21 80 46
94 172 2
52 164 5
52 139 38
92 198 47
36 174 39
54 149 34
178 194 34
18 167 45
10 72 25
72 108 23
100 186 41
133 135 40
1 79 11
3 45 25
94 195 42
77 164 41
106 107 41
17 42 2
144 161 16
4 137 38
4 156 33
37 177 8
121 155 31
143 172 17
90 195 9
9 93 45
90 194 44
63 156 1
63 126 16
122 180 20
100 198 2
18 132 37
110 137 29
29 80 36
76 95 46
23 195 19
55 105 7
30 167 3
49 170 16
4 91 28
47 55 13
25 64 3
27 37 2
37 93 35
15 37 15
78 124 45
159 184 29
102 124 18
67 70 17
43 150 35
21 135 47
114 134 1
10 26 40
39 54 18
25 103 22
71 168 43
135 142 48
163 196 28
149 159 21
4 7 13
3 186 23
1 55 43
18 170 36
113 164 37
7 108 2
47 183 47
57 137 19
64 122 4
130 197 18
63 186 6
58 166 34
126 167 42
68 82 10
49 83 28
65 179 44
20 102 31
13 147 2
98 138 4
87 188 42
59 195 32
103 172 32
168 175 32
7 56 5
111 198 48
25 198 3
36 66 22
146 193 34
45 46 47
117 121 38
73 114 32
27 99 10
46 80 16
49 123 42
104 135 37
133 191 25
6 48 25
32 137 22
177 178 14
14 17 9
92 184 47
52 109 29
58 196 37
44 162 39
25 161 24
37 98 6
134 162 40
59 179 28
14 57 48
32 172 2
17 175 44
75 136 31
177 179 48
37 130 16
61 144 50
37 85 10
168 199 38
37 52 11
89 174 12
89 104 15
89 101 32
129 156 32
173 176 48
27 55 38
12 31 4
80 155 18
89 149 49
89 106 45
16 141 39
28 65 12
3 196 50
43 56 47
11 40 17
16 59 22
32 67 12
54 84 27
89 121 2
39 145 4
120 154 28
42 55 27
71 178 38
15 195 44
10 23 2
13 76 23
81 187 13
1 77 45
142 168 6
129 161 24
23 67 22
60 189 40
178 181 26
21 62 35
27 74 27
30 175 35
23 38 39
130 169 36
162 169 35
28 107 34
40 84 18
154 172 26
7 12 23
29 188 22
12 149 18
3 100 40
108 182 8
11 154 36
151 186 33
3 113 45
33 83 23
51 109 1
69 111 27
108 160 40
143 168 45
30 85 12
21 128 11
48 162 23
18 135 47
27 110 9
41 198 49
56 126 49
4 106 1
61 111 25
133 164 46
15 171 48
57 200 15
80 111 48
132 147 27
59 93 16
19 38 4
96 190 17
56 80 3
127 199 45
65 158 14
19 162 26
25 99 32
83 130 42
9 149 47
17 72 38
35 104 18
109 152 34
6 68 14
6 119 3
31 99 38
41 167 26
16 97 21
12 60 9
72 110 26
13 43 35
71 84 35
95 123 7
143 188 12
107 151 42
95 157 45
2 196 21
39 116 35
96 104 16
140 162 31
105 174 34
57 65 25
141 199 39
57 113 49
37 101 27
43 153 40
117 159 17
79 151 7
55 140 48
134 184 7
49 112 14
146 172 31
58 186 25
58 108 29
109 116 47
11 73 27
129 180 44
25 119 47
57 138 13
67 190 19
54 94 28
125 143 40
141 151 38
23 134 30
136 191 28
90 167 3
132 133 41
72 176 50
35 136 37
57 130 34
16 47 35
147 189 18
31 131 32
141 193 25
30 121 16
33 182 33
14 24 39
79 171 27
35 144 48
73 113 27
33 139 49
53 82 47
121 187 6
49 198 18
111 144 44
70 181 48
144 163 46
50 96 50
1 40 41
43 110 26
123 191 5
5 154 18
153 187 4
10 82 31
25 151 31
78 115 40
85 142 41
11 76 35
14 171 47
79 160 24
54 133 24
144 193 13
35 67 33
120 155 41
112 167 14
2 198 23
137 183 13
27 142 46
146 168 24
114 147 15
14 82 40
29 83 14
172 195 39
69 196 17
29 112 44
42 138 17
4 30 34
171 173 45
51 192 22
3 140 25
100 123 3
28 174 36
98 136 28
35 42 42
31 104 38
18 46 4
7 121 48
128 143 28
31 58 23
60 87 26
86 169 31
45 185 39
21 116 50
113 187 6
4 179 21
9 46 27
153 167 40
133 168 34
6 43 30
50 104 25
35 142 36
85 152 47
33 52 29
66 85 4
24 43 20
30 54 31
148 194 20
62 112 26
20 34 44
98 141 31
25 49 27
112 127 12
100 192 24
47 98 14
19 199 38
122 128 48
38 198 27
124 187 44
135 141 32
118 171 37
188 200 23
61 64 15
155 157 12
35 123 7
100 129 1
54 59 40
138 197 14
18 179 50
68 123 15
4 9 9
83 179 36
19 128 43
105 183 25
56 148 44
78 153 4
89 90 44
9 60 41
33 70 39
117 166 2
83 87 17
77 134 9
76 111 48
56 131 7
33 164 47
176 195 8
70 192 10
108 144 25
157 196 32
49 89 47
59 178 2
30 95 27
11 153 35
73 191 39
126 163 35
81 180 14
165 189 14
16 32 18
122 132 6
26 128 44
86 164 39
19 104 33
50 156 19
57 132 11
1 164 5
20 21 37
40 157 4
58 69 40
91 112 36
15 66 36
101 173 10
12 19 43
141 200 28
41 78 44
102 117 13
44 45 5
31 191 32
3 73 1
99 141 4
29 120 49
34 132 28
134 179 32
50 82 3
49 193 15
161 169 16
16 125 23
59 144 19
178 185 41
74 163 30
53 147 9
62 78 47
67 169 46
1 88 34
86 102 23
98 127 22
174 200 13
104 137 35
127 179 15
85 156 18
141 188 8
63 132 6
101 113 17
30 149 42
58 106 36
33 55 6
22 178 6
91 169 41
9 164 13
40 102 5
137 169 45
140 158 31
92 152 28
64 110 24
11 30 37
10 49 21
52 190 47
53 190 29
38 184 7
66 102 8
78 91 26
45 194 37
14 70 28
103 129 35
142 163 10
38 45 27
131 154 15
100 166 1
154 174 11
19 93 41
9 166 32
57 172 28
3 142 32
58 104 13
75 145 31
33 140 41
103 177 10
89 192 41
5 163 44
108 113 41
64 162 15
67 93 48
53 191 27
54 137 35
9 88 6
26 115 33
125 177 49
36 40 15
47 113 39
20 190 22
44 77 14
103 195 10
3 36 50
105 151 22
31 164 34
69 144 8
7 107 3
60 172 46
125 175 12
127 187 46
110 120 19
50 143 11
4 96 18
69 70 17
13 122 36
75 88 30
112 198 40
7 141 13
21 149 32
16 19 23
38 93 10
18 189 28
84 144 29
51 137 13
79 186 44
133 174 6
33 85 36
115 172 11
7 90 49
64 91 37
25 184 13
124 196 27
3 143 1
38 63 37
1 33 30
106 174 23
112 116 47
93 130 14
21 147 11
58 63 41
77 151 38
109 153 48
52 124 35
160 179 3
76 174 39
28 46 49
54 99 33
117 124 48
133 171 49
99 189 25
44 152 25
20 52 4
13 190 11
106 156 48
12 44 18
43 96 18
35 47 39
148 157 49
171 193 6
75 157 39
64 200 31
46 62 35
9 123 39
21 127 9
99 181 40
10 42 42
113 195 8
100 148 34
1 9 39
64 159 30
56 101 16
68 97 24
41 85 44
47 157 2
48 136 23
93 177 14
92 165 7
35 73 18
30 120 23
122 135 27
163 173 17
61 150 34
120 175 30
130 152 23
24 86 32
36 44 36
31 181 19
49 111 19
29 98 17
3 110 40
156 160 1
41 81 22
71 87 4
50 176 4
62 132 17
99 110 10
44 138 2
128 131 4
73 171 25
151 182 20
89 115 20
69 191 7
51 151 20
25 48 25
58 179 13
6 45 50
96 182 38
58 174 16
21 158 49
66 125 35
56 145 25
89 103 21
52 84 37
104 115 31
144 196 20
11 66 15
36 171 15
159 187 1
156 174 5
85 155 35
46 134 4
54 136 47
37 74 13
16 35 9
82 88 6
56 147 10
52 55 13
148 178 23
83 159 17
41 107 26
30 72 28
96 132 47
91 110 21
162 165 19
25 109 33
80 90 5
113 139 14
103 132 16
99 199 43
98 179 31
27 102 29
15 24 8
115 142 8
26 99 27
100 139 44
43 70 14
106 193 22
37 183 9
16 37 15
148 184 33
142 195 38
13 135 29
30 143 28
179 200 23
112 146 38
5 133 25
28 182 33
34 42 10
55 116 34
36 95 25
7 68 31
85 196 35
102 113 36
80 102 5
36 93 26
124 171 17
40 51 27
11 91 5
59 188 39
71 135 49
129 173 33
33 196 41
36 197 17
1 123 14
54 159 11
95 140 33
49 71 23
66 175 31
4 195 44
35 118 28
18 111 10
6 47 25
107 128 2
88 165 24
88 142 20
28 90 3
9 37 6
117 142 8
138 191 25
46 104 48
6 81 24
3 135 35
60 151 41
13 134 29
39 123 32
29 105 44
93 133 46
15 182 8
17 160 49
84 160 24
13 66 9
161 189 18
35 131 27
18 149 17
60 111 43
3 42 41
35 88 34
155 165 50
54 66 17
12 179 8
12 79 41
133 148 21
134 156 42
112 157 38
86 198 21
1 50 33
53 113 18
59 155 7
7 59 41
2 133 35
197 200 38
34 189 50
17 40 12
7 30 42
149 197 38
15 89 48
51 186 49
29 121 34
3 11 3
47 93 13
112 195 31
7 169 6
163 198 6
47 114 35
26 141 9
31 119 3
13 27 26
55 168 25
4 140 2
158 164 12
150 169 20
149 180 26
85 188 7
75 98 4
75 167 34
146 158 46
21 144 10
74 181 1
46 195 49
31 140 31
92 174 39
143 164 36
17 43 40
174 188 34
102 136 37
13 133 33
150 155 40
2 187 17
161 172 22
10 25 47
94 139 45
74 160 10
33 152 19
12 159 45
8 9 3
66 80 7
183 200 44
175 180 18
70 136 17
29 162 40
117 198 19
3 107 13
16 119 42
139 171 45
178 192 29
1 158 31
162 163 45
76 142 50
148 165 25
125 166 39
6 84 44
142 160 20
83 145 40
128 130 44
2 55 34
35 170 40
24 115 12
139 194 27
68 141 18
50 188 47
92 134 20
97 191 40
34 48 24
3 148 19
9 31 34
19 48 46
4 84 27
174 192 15
158 165 42
98 108 20
20 134 40
3 96 12
123 127 23
76 80 19
94 126 4
24 128 21
49 137 10
70 131 46
77 106 1
24 159 50
83 136 20
41 193 38
104 106 32
73 182 14
36 42 5
35 196 7
69 126 39
79 105 9
6 125 32
36 164 10
62 128 50
2 186 46
57 82 46
22 30 44
3 175 50
110 188 17
178 187 7
11 23 47
16 61 48
113 132 2
5 94 33
47 154 40
30 123 21
13 138 13
121 148 25
73 124 43
54 106 39
136 185 50
42 90 25
94 118 47
24 174 45
128 167 37
6 88 48
70 103 42
4 95 13
47 185 28
14 68 34
122 173 8
33 37 19
70 151 24
19 109 34
66 67 33
66 130 11
38 155 30
48 134 15
63 195 5
3 61 45
26 27 25
152 176 46
1 46 24
11 45 28
65 103 43
85 186 20
68 189 36
61 87 48
157 183 32
33 176 18
8 128 41
65 141 35
131 164 27
46 185 17
51 128 34
41 145 43
28 62 8
11 127 14
30 118 41
73 107 10
31 86 38
47 123 39
22 102 6
24 135 39
101 187 4
47 178 46
29 142 32
185 198 16
56 83 26
49 73 23
11 85 48
8 36 3
14 143 39
130 165 49
12 46 37
180 193 19
149 156 11
34 194 37
65 110 49
107 122 24
95 175 3
56 96 42
20 124 17
109 183 26
33 187 47
91 192 8
18 194 22
9 104 36
18 177 40
67 189 38
53 175 44
42 94 2
159 178 11
122 199 34
64 116 8
41 158 21
109 129 10
74 109 46
45 105 16
36 165 35
19 127 24
25 61 32
164 196 44
42 43 19
21 99 42
78 195 30
99 127 17
50 173 26
112 197 27
35 161 49
81 129 18
163 192 21
137 187 50
25 142 48
124 165 34
96 111 13
70 161 11
64 82 4
44 139 14
152 160 24
7 79 9
10 143 26
72 194 14
6 44 48
9 73 29
36 56 34
2 106 44
30 97 42
66 156 33
30 177 21
4 115 44
53 95 37
93 138 34
157 167 5
7 94 43
35 127 8
70 82 31
30 52 48
1 133 20
130 184 3
61 170 43
69 114 39
132 193 38
13 191 21
103 187 27
91 135 19
20 60 34
14 75 50
40 170 44
20 41 44
80 105 31
105 173 1
64 73 3
90 99 1
49 175 45
13 126 17
103 133 46
72 195 45
97 111 20
4 158 27
26 79 46
5 75 42
36 144 16
56 110 21
140 195 37
86 178 29
91 102 17
15 127 33
86 115 4
5 47 2
5 87 11
48 190 33
61 68 1
88 110 27
17 176 48
64 76 23
70 164 29
24 152 39
20 194 40
66 140 34
137 175 22
5 31 2
155 156 50
4 135 42
42 139 36
67 141 40
63 77 11
29 154 7
34 68 10
164 198 39
23 80 37
72 142 11
98 158 30
48 85 33
142 194 30
30 109 29
105 195 25
160 198 2
9 36 48
180 184 9
108 156 44
1 25 21
68 199 39
107 131 17
32 148 15
119 177 36
111 192 24
7 17 13
181 192 3
1 11 28
21 84 2
5 59 50
145 169 33
115 116 11
172 179 50
20 85 21
52 198 48
175 192 21
140 163 28
77 187 37
113 173 28
34 122 29
5 137 33
20 37 17
49 184 25
46 167 43
53 58 20
49 129 15
99 172 22
18 182 45
64 130 30
44 108 16
7 98 30
13 162 11
62 106 13
23 135 16
167 193 36
55 166 1
184 195 25
71 173 12
10 103 25
186 189 39
70 176 1
31 96 39
29 57 30
121 143 34
34 187 19
140 167 3
96 142 25
46 103 12
54 187 49
5 170 10
91 170 13
101 108 10
70 104 16
21 115 49
13 78 42
72 136 3
155 163 34
124 175 16
35 183 44
110 162 41
166 174 35
10 46 8
112 166 22
9 12 42
11 164 9
97 175 50
56 164 34
1 101 13
107 174 9
42 161 22
13 50 18
50 136 38
63 109 37
34 51 6
11 141 21
183 187 12
18 83 44
10 69 40
133 167 18
27 126 26
108 151 47
11 198 17
9 170 33
84 102 6
33 68 41
80 141 2
56 115 8
35 51 40
135 187 25
21 193 41
70 121 1
29 37 27
61 114 11
71 90 35
129 174 15
116 176 39
5 128 19
4 121 17
41 97 28
1 53 34
27 132 22
24 52 29
22 81 48
75 160 34
102 143 6
72 181 13
8 62 25
8 92 28
141 171 29
34 162 20
1 51 30
4 108 13
96 113 1
69 200 20
26 186 40
38 174 14
79 152 47
95 127 12
125 168 20
54 109 45
11 41 6
17 51 30
29 171 48
99 111 23
84 195 6
161 167 19
14 86 19
54 81 35
147 158 4
122 176 8
88 121 48
10 175 39
162 173 43
148 189 45
55 73 14
126 148 8
45 150 17
35 86 42
102 150 19
15 118 27
174 182 46
10 158 25
85 158 34
2 136 32
145 193 7
85 100 20
68 198 47
63 80 39
46 68 6
4 126 21
51 58 5
137 174 50
65 119 7
88 163 3
63 199 50
7 144 44
123 190 16
69 138 16
47 127 28
125 189 9
91 146 36
113 129 40
145 156 44
19 65 34
114 133 25
38 149 45
80 165 22
68 177 41
108 196 21
26 93 16
84 93 25
39 68 19
52 103 21
72 143 41
129 193 19
37 106 34
15 96 7
180 183 3
98 115 14
38 49 17
15 145 31
1 191 39
146 178 39
2 184 21
66 145 18
13 54 41
62 69 49
105 165 41
141 155 26
93 94 43
68 183 20
59 78 45
8 183 44
116 119 12
14 133 32
48 122 29
48 163 48
60 149 47
14 121 3
19 43 21
59 71 7
124 162 38
46 65 5
7 117 3
77 92 40
137 191 28
101 118 2
101 124 12
102 115 32
27 108 34
24 94 7
9 41 3
14 157 14
100 104 29
109 173 40
171 182 43
40 95 39
154 164 3
75 175 6
142 187 34
156 193 21
100 118 38
68 76 15
85 139 9
43 174 21
98 168 26
130 196 46
119 153 40
30 141 14
67 100 16
168 191 5
54 117 46
114 177 31
81 145 21
84 143 37
33 128 47
106 109 36
17 169 20
52 168 9
70 171 21
67 200 35
145 192 41
115 137 36
5 189 48
4 87 19
52 128 2
12 114 44
8 68 31
147 184 37
112 119 8
7 153 3
12 47 11
98 172 2
38 74 16
73 83 3
17 28 21
71 159 25
35 54 18
81 103 7
54 175 33
115 121 11
31 177 2
96 118 28
3 156 45
103 124 29
103 139 31
6 105 2
92 199 12
83 104 47
82 195 8
34 93 47
110 147 19
20 53 14
32 92 48
179 198 9
20 129 1
103 111 45
33 190 50
7 40 18
42 50 11
60 187 35
3 76 2
60 182 14
19 23 20
2 44 11
97 165 41
31 121 31
123 184 19
101 174 24
81 178 3
89 152 9
121 131 27
180 194 28
39 113 27
174 195 34
7 167 46
17 143 40
5 155 49
81 179 48
100 188 21
83 89 36
50 196 34
27 97 15
94 119 50
42 156 36
154 180 20
118 156 29
20 38 48
101 165 36
8 170 9
123 171 8
45 164 11
79 191 4
35 150 13
84 199 11
91 108 1
111 132 10
109 113 33
18 154 43
26 80 1
29 150 47
43 169 23
48 185 35
5 100 7
4 65 30
55 191 1
27 123 22
63 153 29
22 34 12
19 33 13
33 153 42
23 57 10
133 190 40
16 38 8
23 48 14
179 184 11
66 136 26
36 195 49
51 89 37
152 175 31
162 187 35
13 72 50
185 193 45
117 138 30
17 80 8
12 68 1
118 147 28
88 192 15
162 183 50
123 124 12
101 154 1
87 124 38
64 164 27
29 193 15
134 144 38
70 150 30
85 101 48
27 70 39
147 163 3
3 92 32
118 133 28
138 188 8
25 42 2
28 195 46
57 112 14
51 96 20
85 93 9
197 198 7
111 119 48
62 180 40
44 160 40
90 134 6
91 122 33
83 157 27
29 42 4
108 131 38
2 190 3
37 186 9
32 175 40
108 139 39
1 148 50
57 62 46
110 183 38
25 74 50
119 143 35
31 116 29
121 177 42
83 163 24
47 158 41
13 59 18
16 55 7
4 48 6
114 151 41
15 73 8
81 113 19
85 125 44
15 108 20
44 54 42
37 67 38
187 196 22
145 191 30
128 153 34
92 107 13
70 129 19
44 161 46
30 74 13
68 136 20
51 165 23
128 196 6
113 161 39
88 140 5
34 64 16
6 182 3
95 121 6
12 177 11
68 83 48
77 87 7
180 197 42
22 117 8
163 179 29
76 99 36
3 4 45
65 181 12
97 109 26
75 181 22
15 27 3
12 189 36
90 163 1
47 104 26
106 116 32
56 109 17
40 115 20
20 192 3
58 59 1
85 193 23
76 154 25
123 153 15
84 180 46
58 139 44
21 118 4
74 90 6
49 172 24
2 17 37
76 155 41
37 63 9
100 180 3
73 93 21
32 125 31
42 171 4
68 171 7
6 46 44
161 200 19
122 174 27
23 160 39
165 190 41
17 35 45
40 111 20
17 97 35
56 104 3
27 148 39
67 115 49
116 166 23
41 84 18
12 137 37
17 172 20
150 177 22
62 64 4
39 80 12
12 117 25
28 113 41
159 182 14
17 195 22
48 200 23
51 111 30
2 199 18
152 172 22
16 124 32
32 184 18
3 141 27
29 172 33
110 175 36
10 67 31
130 189 11
95 109 47
13 117 20
156 181 1
4 160 29
127 186 12
14 71 22
14 137 12
126 157 28
23 199 48
45 133 30
23 92 23
32 178 30
100 183 21
1 81 29
81 199 1
39 93 26
157 169 34
147 194 11
5 80 38
98 106 17
72 126 50
58 170 8
39 136 4
159 199 30
37 147 1
147 195 27
43 85 18
156 192 12
78 82 32
97 102 12
5 110 46
118 183 8
11 117 3
140 197 17
9 188 39
6 93 47
10 166 33
4 76 29
118 187 35
15 200 41
28 142 38
86 120 24
171 175 16
21 61 42
113 165 16
79 111 29
19 176 40
132 152 8
131 158 2
170 182 35
90 140 34
8 119 44
37 107 4
31 65 45
31 105 9
38 145 20
64 193 50
34 135 16
47 65 39
57 74 32
85 133 14
109 146 32
163 195 38
7 179 38
173 182 50
10 38 34
31 46 17
71 107 42
3 117 8
55 59 47
93 95 35
24 48 40
59 137 47
18 165 32
55 188 24
86 195 35
87 156 36
33 142 27
64 112 35
19 155 17
122 156 45
149 168 14
125 144 1
98 199 23
95 190 41
126 172 8
165 199 48
98 178 15
65 107 15
93 159 46
22 97 38
1 49 32
29 62 1
29 79 32
1 47 27
53 170 2
89 153 18
133 159 3
41 185 29
121 141 46
44 186 17
100 178 40
145 150 49
44 105 18
51 124 25
117 153 4
85 103 41
27 192 43
6 178 43
86 191 17
32 186 23
18 119 25
113 151 3
34 160 7
13 99 22
12 143 33
32 101 40
21 68 44
56 153 33
12 113 42
34 153 45
179 195 28
53 162 37
56 79 47
122 145 42
52 120 49
154 166 47
3 126 17
124 170 2
20 111 50
10 196 7
2 114 39
68 85 26
86 146 37
38 97 38
137 145 22
10 132 46
168 184 31
26 44 37
98 118 33
120 192 6
45 64 42
19 117 41
27 41 14
86 152 34
16 127 42
135 149 25
157 198 17
142 196 7
20 196 10
3 119 34
13 130 46
109 142 47
178 188 15
58 75 22
47 119 39
3 44 14
85 137 31
146 155 13
119 167 7
14 61 41
45 57 4
7 85 49
58 164 16
103 173 43
104 161 47
150 182 49
108 153 14
39 108 20
18 21 41
37 199 49
64 172 47
74 131 25
23 122 46
131 160 10
143 162 34
191 197 3
74 192 24
37 121 38
116 185 15
107 198 40
49 60 46
93 183 2
160 173 8
138 140 11
107 119 47
20 112 48
59 64 16
72 197 30
62 182 49
131 132 31
96 169 22
109 155 7
145 154 38
25 141 18
34 139 50
36 184 17
41 194 8
89 171 22
2 36 45
51 163 45
44 165 5
94 182 1
118 179 40
29 115 8
74 137 22
2 170 22
48 150 29
69 137 47
28 97 4
17 75 12
93 191 44
44 84 2
46 143 4
6 77 50
17 92 2
132 196 18
46 110 17
134 159 35
101 102 29
149 170 4
75 81 48
17 66 34
64 70 46
174 199 9
13 51 26
7 130 16
143 199 45
45 168 41
170 191 21
126 186 37
49 144 3
59 199 49
9 27 11
73 89 39
63 76 7
94 161 3
35 141 45
20 178 21
11 139 42
93 169 41
40 49 18
41 129 5
4 116 33
121 199 1
29 73 25
124 151 29
145 175 19
121 138 4
14 112 15
76 160 36
87 102 24
115 200 1
113 150 27
4 193 13
137 140 15
84 149 29
173 197 26
71 100 20
50 192 20
35 159 20
42 144 44
94 180 22
74 200 3
155 200 23
146 167 48
129 168 24
77 118 38
154 168 24
56 128 42
106 150 12
183 196 21
97 126 33
71 121 33
37 47 46
33 67 20
23 114 18
23 36 38
154 195 37
71 97 26
48 89 9
118 122 13
130 145 20
19 64 27
171 195 13
92 102 2
85 143 12
17 22 12
33 105 36
19 124 5
146 191 45
87 122 11
4 157 14
82 84 1
55 118 4
66 97 25
85 114 18
14 177 26
6 11 13
152 195 13
17 50 28
3 121 48
41 156 25
31 44 11
33 88 7
132 170 18
65 66 17
121 166 18
14 198 26
7 177 45
31 148 13
16 191 40
112 123 25
29 36 49
42 57 22
152 177 25
75 147 45
23 174 2
148 197 21
78 81 26
71 160 1
90 185 48
78 187 3
44 88 36
105 194 11
135 137 12
117 145 12
49 178 34
136 151 2
180 190 31
6 123 14
110 121 18
25 179 5
95 108 38
1 64 16
19 141 2
76 172 25
10 45 30
33 110 50
83 126 35
45 113 47
16 87 11
73 116 43
50 130 23
30 105 40
122 167 43
163 199 29
64 143 19
51 108 47
10 195 42
118 123 39
28 167 37
17 99 32
88 175 20
181 200 22
17 150 35
53 161 12
4 162 31
65 153 21
71 165 2
40 159 27
28 64 38
137 162 14
79 80 25
44 120 21
1 179 50
97 189 12
30 101 44
16 162 30
51 98 11
103 191 42
87 95 45
72 141 24
4 63 37
44 111 39
2 68 2
53 65 42
2 172 19
96 154 22
60 93 22
85 122 49
118 121 47
85 159 44
177 181 30
49 177 34
16 131 20
12 112 29
30 66 21
121 168 49
1 192 28
8 84 4
104 184 5
142 190 22
55 163 2
166 175 16
13 70 1
77 116 29
8 51 48
12 166 37
58 70 14
7 191 2
43 103 34
23 155 16
82 174 36
92 109 4
142 191 46
92 119 40
26 33 3
58 137 47
136 154 20
33 35 13
106 197 15
58 124 39
82 117 34
68 113 4
62 76 33
13 195 8
95 196 33
71 105 16
86 193 48
110 130 29
15 20 44
40 162 7
15 79 4
106 158 11
89 99 42
155 172 34
12 59 4
78 152 18
83 114 18
92 145 9
50 185 18
1 68 28
58 145 36
35 78 21
4 128 44
21 54 25
66 178 25
19 193 46
90 200 4
1 122 23
91 98 32
65 148 32
31 147 44
22 139 31
24 192 9
45 154 18
80 140 50
149 154 35
104 114 4
137 181 10
122 184 45
58 194 34
22 70 18
133 179 32
20 117 9
38 168 7
3 133 41
40 174 32
9 48 48
125 152 23
131 139 9
6 127 28
158 197 24
46 182 11
59 133 25
156 180 39
87 147 41
130 199 34
93 100 28
97 101 44
138 147 4
101 129 18
83 112 38
12 39 49
15 121 3
127 173 7
72 147 20
118 149 21
107 195 22
58 177 40
5 119 17
114 167 15
16 175 13
55 83 36
39 64 5
106 181 50
18 161 49
136 195 17
92 164 25
86 126 39
68 145 6
52 147 13
134 136 28
109 178 50
76 173 41
59 125 1
76 89 35
4 23 24
140 151 48
27 73 42
80 191 21
42 179 14
10 146 22
86 187 36
12 55 41
155 174 10
39 78 13
153 183 40
109 137 2
46 91 13
8 101 47
18 43 47
17 194 30
17 161 15
120 182 6
116 169 49
102 110 49
129 142 41
25 139 10
123 149 8
16 105 45
50 77 12
19 60 46
82 156 14
36 46 6
23 173 14
2 183 47
28 172 15
28 112 38
33 74 42
117 168 32
4 35 20
110 151 8
59 84 12
34 151 6
93 168 34
53 137 31
117 122 28
66 173 46
87 113 12
107 196 26
120 186 37
148 153 27
28 191 21
26 157 25
5 109 2
51 170 23
13 100 11
115 131 30
140 154 44
1 115 38
100 162 19
142 197 48
96 139 20
11 172 34
136 199 50
104 110 18
24 103 9
109 164 16
30 55 41
19 151 7
70 128 6
140 178 13
21 168 1
61 126 15
27 91 14
106 143 30
96 143 7
109 160 14
82 124 14
43 173 21
123 165 2
42 86 13
22 59 50
65 151 3
168 193 21
1 7 5
14 52 12
105 192 26
14 30 31
151 163 35
49 66 27
87 106 38
75 106 38
8 193 30
15 80 1
119 120 35
37 116 17
58 82 13
2 152 24
154 160 24
84 128 39
31 45 15
5 25 49
98 164 13
170 184 49
56 182 40
105 196 44
74 147 33
38 148 15
96 144 30
122 160 26
124 194 11
34 35 34
10 137 42
150 153 6
66 142 49
151 192 9
6 56 13
15 94 31
152 178 4
92 116 29
140 177 23
171 176 27
92 101 44
141 178 9
111 187 15
32 97 34
79 145 17
39 114 12
55 143 4
174 186 14
7 18 31
104 142 20
49 100 3
17 46 18
103 126 23
68 71 43
144 168 19
47 163 22
81 146 26
54 196 44
25 57 23
161 198 10
109 195 50
170 181 13
65 139 36
54 178 44
91 198 38
51 86 9
105 193 19
28 134 37
126 165 42
21 132 21
5 15 1
18 153 14
5 160 11
53 100 50
33 114 38
19 123 2
28 190 49
41 104 4
53 176 22
65 196 1
84 85 36
111 171 21
96 152 46
57 170 36
50 102 11
66 143 18
115 198 33
75 184 14
17 136 28
66 72 15
123 168 3
43 109 48
66 185 4
77 84 16
85 89 11
12 29 29
108 173 14
46 165 45
55 153 9
18 148 44
181 195 46
83 97 29
110 181 49
143 194 17
93 171 42
28 173 26
117 193 1
92 178 27
83 117 37
23 29 16
61 122 49
64 154 45
16 92 35
38 89 2
130 180 29
77 125 33
47 161 32
67 91 8
29 32 2
83 172 25
11 108 48
5 64 1
40 77 29
104 168 28
37 169 42
41 153 22
38 199 19
96 135 13
131 147 26
151 172 50
2 111 14
4 150 36
47 120 2
164 170 27
146 164 35
10 62 38
53 78 23
113 115 15
120 135 29
37 92 14
23 24 8
68 151 6
90 171 24
47 83 34
138 146 43
24 106 28
76 129 39
48 189 14
87 98 20
136 170 48
36 94 50
67 140 46
72 95 34
17 139 8
6 103 23
37 190 15
108 166 15
5 78 32
59 159 10
80 119 21
119 121 25
9 114 32
48 128 40
26 52 9
43 152 38
53 135 21
87 166 6
60 78 20
56 127 40
104 170 21
19 79 36
8 192 32
57 67 28
26 167 16
41 66 36
34 36 20
50 110 32
72 191 48
32 74 23
10 199 7
44 112 7
64 178 1
190 197 28
118 173 15
136 183 45
52 91 17
179 183 12
134 166 25
65 132 23
101 142 16
37 198 13
57 70 34
6 72 35
17 183 30
15 54 40
113 198 47
85 183 20
81 124 2
22 168 19
189 199 24
30 158 24
9 51 3
115 180 18
50 183 36
18 37 22
19 21 5
70 173 39
24 61 19
60 137 42
70 76 1
65 76 34
156 158 20
11 46 7
35 36 40
116 127 31
86 192 26
123 141 20
172 188 4
26 122 31
64 167 3
100 134 30
93 150 7
87 119 40
3 6 48
102 107 43
4 109 15
64 102 41
98 130 49
59 169 34
12 71 21
126 142 30
73 74 13
44 104 11
132 190 1
1 72 28
47 186 28
84 139 24
88 90 18
31 172 31
90 184 18
123 197 31
35 82 18
69 179 20
35 176 41
105 154 46
14 118 2
24 179 15
53 107 41
72 115 46
134 194 8
172 198 7
119 195 22
42 117 25
39 173 16
33 113 30
63 79 25
118 140 28
106 147 34
68 87 8
44 179 48
90 186 35
61 107 45
38 113 1
72 153 34
122 192 32
62 162 4
175 187 4
36 60 39
72 124 8
36 114 28
93 173 45
79 87 3
123 180 5
88 146 9
132 185 13
22 52 35
62 191 33
182 194 22
166 183 41
13 198 14
50 166 34
28 103 2
55 115 6
190 199 48
128 183 32
75 180 46
138 193 48
25 54 33
10 128 9
48 96 11
40 200 36
141 195 2
21 145 27
142 155 31
1 108 12
55 149 2
85 174 37
59 98 29
73 177 1
66 122 48
74 168 3
49 86 44
96 137 48
119 122 3
90 107 17
18 84 31
22 195 5
72 200 35
1 5 20
161 185 45
24 112 6
19 28 39
92 97 46
127 182 33
37 138 20
23 156 41
133 189 33
173 199 38
7 76 11
134 140 7
43 193 37
1 135 2
79 136 33
173 196 4
1 20 18
141 157 17
49 78 14
7 71 50
24 78 21
20 187 37
80 193 50
168 185 39
28 185 40
6 151 33
11 115 48
7 183 12
18 63 44
67 139 42
99 123 48
87 162 38
35 58 5
98 120 26
49 159 31
68 172 18
91 93 30
23 159 23
2 31 43
4 196 32
45 101 35
61 166 36
161 179 34
43 67 20
67 103 42
41 60 30
15 177 25
115 192 31
20 51 3
118 130 9
101 120 22
159 167 48
133 150 41
16 94 6
84 145 10
119 133 45
56 76 45
38 53 6
111 126 6
50 103 11
8 17 28
42 103 42
74 76 14
82 200 18
153 200 49
26 169 29
57 136 9
47 135 45
85 192 46
8 127 43
152 200 8
12 157 38
7 16 48
129 195 32
65 85 9
185 199 42
49 133 10
61 179 48
84 123 6
86 91 42
34 80 43
22 51 13
76 114 18
36 64 20
140 170 13
4 111 19
5 182 35
47 49 33
167 182 35
55 123 18
39 41 2
90 131 41
132 178 46
53 56 24
70 138 5
50 79 29
73 154 22
141 174 33
103 134 7
38 71 6
5 11 18
81 160 14
68 89 3
18 146 29
144 187 46
172 194 9
8 179 12
38 172 23
72 158 37
30 160 1
82 108 45
92 173 13
91 194 20
5 60 30
95 145 44
27 122 4
72 130 45
120 124 50
46 150 45
177 198 21
18 112 16
31 142 5
41 110 23
61 146 36
14 115 3
15 160 9
65 121 9
77 167 22
75 195 46
97 120 31
37 175 18
107 152 43
72 189 31
47 167 4
47 85 2
78 181 39
160 184 33
45 114 40
60 98 38
165 193 37
155 161 6
49 92 26
8 138 43
160 178 22
93 198 37
130 155 19
17 154 48
99 185 30
87 127 31
13 139 1
90 129 45
66 174 40
44 166 20
31 190 19
162 197 29
37 166 49
101 158 25
23 78 34
80 171 29
133 161 11
32 68 16
127 146 44
113 122 42
96 164 15
83 144 10
51 197 1
13 181 16
104 129 33
53 189 44
89 138 41
110 157 36
44 87 24
69 171 28
101 184 34
57 181 36
108 190 12
64 155 45
65 142 37
15 95 22
148 163 33
107 194 2
34 86 2
43 71 42
30 168 7
117 141 12
118 196 29
33 119 15
82 164 36
33 191 48
86 133 47
4 178 35
140 194 20
21 57 34
121 198 24
139 180 50
150 199 9
90 130 42
81 115 42
97 104 46
92 103 4
62 161 2
39 180 21
129 131 21
9 64 25
156 161 19
21 83 39
34 166 50
92 159 16
121 161 50
109 154 47
96 140 46
152 184 5
11 62 38
41 122 31
126 154 10
126 191 6
162 186 16
83 111 7
2 131 41
112 192 11
62 72 5
68 135 36
50 195 34
83 165 44
65 115 18
5 123 7
68 111 1
63 66 6
9 199 22
97 140 40
54 183 16
133 196 17
108 152 34
35 173 26
104 185 50
75 150 12
152 192 39
109 163 13
21 82 15
81 96 21
68 134 27
107 177 33
94 101 19
94 132 43
22 73 42
45 112 5
86 144 36
71 115 31
105 114 27
28 30 38
142 162 7
99 192 13
144 194 33
94 189 29
137 149 41
62 159 4
17 179 19
29 43 43
10 20 14
62 138 4
34 140 43
3 191 19
23 58 26
43 122 32
11 94 47
36 163 34
42 166 13
8 194 6
24 130 20
56 186 31
38 48 44
28 141 35
132 191 32
83 161 9
47 67 21
189 196 42
5 174 30
38 75 45
68 158 1
62 171 5
43 114 25
17 167 26
15 191 46
6 98 10
25 38 39
128 169 50
94 173 44
63 85 38
105 122 17
39 84 27
75 110 43
6 109 44
83 109 9
9 10 47
8 145 43
89 128 50
26 74 12
28 32 49
9 100 12
33 59 21
33 80 9
112 138 36
29 178 29
3 101 16
81 186 17
28 50 5
117 175 34
104 121 22
7 133 12
50 121 9
46 140 45
16 46 46
31 35 30
111 150 42
1 69 14
141 166 39
8 23 50
41 142 24
126 160 44
129 167 25
43 196 7
61 181 26
121 160 1
157 174 26
139 141 42
84 165 31
115 167 37
67 149 35
136 162 13
15 189 20
89 136 8
60 174 4
42 140 17
14 80 3
49 190 47
149 157 5
43 68 12
14 183 40
54 167 30
49 126 39
116 133 39
18 52 15
28 115 45
107 181 43
20 140 37
49 140 22
111 121 13
167 169 32
94 111 33
76 193 10
49 168 50
75 186 19
79 117 6
45 146 49
70 198 31
17 39 24
80 123 49
110 163 50
140 144 43
49 130 1
56 188 16
26 190 27
13 102 16
2 52 50
18 156 46
47 140 43
121 167 35
68 162 25
11 90 43
49 77 8
83 195 36
151 189 9
70 126 23
112 132 3
8 66 15
16 83 42
19 126 27
19 55 6
70 112 6
83 98 20
79 176 49
68 118 29
22 132 47
142 185 30
49 132 14
106 136 45
63 117 7
50 174 29
21 182 15
154 156 16
151 181 36
61 70 29
30 67 7
63 170 18
45 63 25
163 178 22
91 132 10
80 124 8
94 117 45
16 17 20
93 196 39
15 113 14
83 180 48
34 98 1
40 193 32
129 189 14
65 129 46
55 174 13
13 107 22
146 188 18
6 141 15
2 130 6
33 181 13
113 114 33
84 176 14
14 58 8
83 158 37
28 61 36
138 166 21
107 175 7
11 17 4
144 174 20
135 173 12
159 162 33
43 129 30
84 107 20
152 183 36
34 154 10
100 120 13
68 90 35
68 153 23
15 64 31
119 157 4
89 124 36
19 71 40
74 145 17
88 189 27
175 189 23
66 155 36
39 196 9
95 154 3
4 19 34
10 197 10
34 43 23
75 189 47
14 53 2
90 103 19
27 193 31
39 177 15
6 195 16
5 121 39
44 156 20
22 83 21
129 159 24
49 197 5
18 45 20
92 148 10
34 138 37
21 194 29
142 179 50
93 101 45
144 145 38
41 149 10
56 105 47
10 80 48
23 86 11
21 126 23
100 165 38
41 186 45
127 147 42
111 181 11
164 189 28
45 180 14
95 110 35
157 197 18
91 163 36
27 46 21
76 139 12
66 170 5
118 184 46
51 150 5
91 103 21
18 39 10
56 78 38
43 66 25
3 35 2
57 115 45
113 143 12
119 140 23
53 195 34
142 177 15
48 129 36
63 73 26
45 92 27
50 118 44
1 181 32
72 74 13
80 156 42
1 31 7
134 198 34
74 124 49
145 162 34
42 66 43
26 34 47
156 170 7
66 159 11
48 95 44
98 167 4
172 182 41
71 144 27
63 83 24
5 53 50
47 187 8
147 164 46
53 75 26
54 134 33
119 172 36
85 91 16
6 85 35
26 118 28
59 61 39
149 186 19
43 159 16
64 142 42
170 175 1
38 40 50
37 135 15
130 131 31
104 164 20
6 14 39
65 140 43
54 184 47
22 142 34
60 124 42
128 140 1
61 168 50
71 183 13
27 189 22
91 171 22
19 137 34
44 63 35
159 197 12
66 107 29
60 134 18
154 187 24
40 167 6
64 126 7
4 8 48
88 98 24
54 177 7
42 127 45
85 145 11
41 96 43
39 85 36
73 144 32
136 198 33
8 165 21
128 134 18
83 108 34
88 135 10
163 194 37
61 160 39
1 43 36
83 146 50
157 194 22
137 158 19
143 159 40
4 139 31
22 108 44
53 200 17
99 115 42
21 38 32
76 101 39
17 187 42
175 197 45
23 64 44
114 126 19
58 110 28
134 177 33
33 118 8
18 55 2
41 119 12
104 172 33
165 192 12
71 131 9
33 137 49
3 88 14
36 111 30
31 108 22
71 174 8
67 157 36
89 113 44
38 92 7
178 184 30
109 166 31
10 84 12
125 133 21
92 181 39
9 89 25
125 192 22
105 112 4
27 54 29
80 131 25
15 181 33
71 156 22
108 155 38
2 81 40
26 51 45
129 153 3
62 109 29
81 86 11
19 40 17
97 100 43
89 111 22
115 181 29
89 148 9
10 83 13
178 191 34
6 155 29
53 84 35
20 78 42
32 155 2
1 14 44
85 112 3
88 145 18
27 58 9
76 144 44
71 81 17
35 119 10
23 165 14
131 135 34
54 113 9
74 106 20
102 104 26
58 77 45
64 146 1
36 169 38
79 88 11
43 58 49
135 172 5
65 94 28
101 106 19
92 110 7
104 173 12
66 83 42
11 146 26
20 56 22
153 179 44
135 176 18
52 194 40
54 162 26
156 191 43
15 71 23
45 94 33
46 166 3
94 183 50
57 166 3
32 142 6
89 156 41
140 168 7
14 88 35
115 147 23
32 43 38
63 167 43
112 115 30
137 163 29
103 178 15
91 115 2
3 125 3
41 83 3
135 182 9
127 196 32
110 111 34
45 98 41
22 106 14
69 189 27
69 81 3
93 179 33
113 169 46
137 190 43
52 161 40
84 116 23
30 135 38
73 117 38
129 130 18
84 88 11
141 167 42
26 159 8
175 194 16
51 158 43
57 104 15
66 151 27
12 24 46
46 193 33
96 117 8
53 80 44
133 197 36
96 155 20
38 121 36
154 162 43
175 177 33
12 93 38
91 156 45
79 142 2
114 115 26
57 192 25
157 182 37
79 97 24
62 97 15
105 143 44
14 192 45
3 5 31
1 15 46
132 144 1
20 44 16
151 157 27
148 191 44
36 71 40
61 182 23
193 199 23
21 65 39
111 173 10
102 185 5
44 198 9
14 67 45
57 143 44
103 167 38
19 100 27
71 79 21
126 173 24
117 148 46
35 187 48
100 193 46
49 72 13
142 175 38
39 187 6
32 149 46
68 160 29
77 131 33
61 175 43
22 194 19
66 101 6
78 88 31
33 200 49
152 197 1
46 85 3
131 184 42
102 162 49
17 146 30
40 169 23
92 138 28
182 192 10
14 110 34
102 148 4
46 183 26
48 180 11
45 147 23
30 146 3
72 159 21
96 196 24
6 82 38
27 125 16
120 197 42
176 197 32
84 183 33
3 9 29
2 28 3
108 123 39
43 65 16
12 13 27
1 75 46
8 105 18
57 125 29
28 94 22
75 154 26
39 52 28
106 144 30
108 143 9
98 139 45
42 163 37
40 137 2
5 166 18
153 160 34
90 106 27
124 174 48
74 83 6
40 98 21
59 123 45
78 144 29
14 91 4
55 108 7
71 137 9
153 194 13
18 122 45
79 93 15
102 147 26
124 157 8
91 116 35
71 192 29
30 50 12
44 128 27
19 62 43
90 102 25
110 187 5
89 166 41
140 185 28
135 190 11
70 91 27
65 111 25
173 198 19
175 188 32
52 66 26
15 132 21
26 42 3
76 119 17
80 100 13
132 176 31
6 113 18
90 175 28
22 167 7
32 190 9
119 193 33
101 110 6
127 156 23
97 183 42
35 106 17
168 182 50
118 188 49
111 172 32
66 168 6
119 188 37
17 64 50
21 95 6
135 139 30
34 84 29
26 199 25
147 162 26
12 136 32
51 62 8
48 108 24
115 123 47
98 129 38
59 182 2
22 72 24
76 149 42
12 69 29
73 135 17
8 24 36
86 118 9
30 49 13
70 86 42
9 175 35
19 114 42
7 136 28
138 139 20
4 20 50
11 158 13
189 190 3
142 192 13
9 77 34
68 138 33
127 154 49
147 182 43
71 172 28
128 189 49
38 160 35
190 191 44
3 58 40
39 67 15
156 183 31
12 16 3
102 161 47
26 130 24
37 176 45
150 200 44
106 134 32
69 170 49
10 79 36
25 114 35
14 32 31
27 45 10
21 109 39
109 111 10
82 105 37
23 25 37
10 11 13
77 161 28
5 16 28
60 148 47
53 61 3
8 143 41
11 157 13
8 160 1
88 159 28
103 154 40
179 194 1
47 137 31
21 143 31
56 197 16
2 124 13
119 158 18
94 146 22
137 176 39
120 144 26
56 91 34
116 164 12
61 101 33
73 165 17
154 173 15
94 179 45
128 173 32
148 175 37
43 115 40
60 194 45
35 168 1
101 190 31
84 151 50
45 190 37
111 197 8
132 135 16
47 68 30
20 93 49
76 126 32
118 144 46
117 184 5
94 128 21
57 73 18
97 160 21
6 89 32
25 178 34
49 105 22
78 151 31
49 103 40
25 80 38
164 199 35
115 160 4
35 70 22
59 187 26
126 149 22
65 169 36
54 83 4
128 136 28
121 192 50
101 159 9
125 187 19
102 198 35
149 152 34
153 176 26
91 114 38
170 198 33
10 127 24
62 67 17
2 151 8
1 150 40
61 195 9
100 147 41
150 187 49
11 190 48
132 188 40
31 39 31
48 127 50
86 176 37
31 137 43
40 180 15
10 97 11
11 51 3
20 70 34
191 200 31
7 104 48
37 180 19
25 140 45
34 56 46
87 168 7
22 41 47
94 102 28
69 158 23
127 158 35
96 192 15
75 185 37
130 164 11
3 159 18
47 69 47
110 177 25
45 173 20
62 120 46
83 113 36
113 197 41
161 199 37
24 28 39
47 198 45
89 142 38
84 134 45
73 147 28
43 44 27
61 115 39
10 191 16
107 109 46
64 85 45
36 103 5
40 168 16
60 167 24
87 126 30
61 186 49
12 102 42
51 64 19
106 121 12
7 116 8
37 124 8
48 49 12
13 196 34
39 179 47
62 68 47
47 144 2
16 142 43
45 116 18
14 51 1
69 116 11
9 99 25
34 183 12
35 65 25
30 131 16
81 110 15
72 98 30
122 170 20
79 168 7
38 109 3
103 192 46
90 192 26
21 71 42
87 121 34
10 30 13
145 198 21
50 149 16
127 190 49
82 118 5
151 174 45
32 135 35
45 195 10
12 135 38
14 87 39
116 197 28
35 132 18
41 50 41
168 176 46
34 143 21
4 42 46
27 200 47
114 191 4
29 85 32
17 112 8
125 142 31
115 170 25
93 99 38
19 150 24
89 97 21
119 125 7
80 133 12
120 148 49
182 188 48
13 64 33
107 111 2
107 167 6
51 71 44
8 153 32
28 44 13
1 173 30
16 152 26
13 192 3
8 97 46
46 131 40
62 71 33
34 149 29
79 149 35
101 171 18
67 130 4
87 146 5
22 63 13
35 195 42
48 54 39
28 98 48
51 106 9
105 145 20
183 184 15
133 194 11
57 144 28
126 161 29
103 145 24
141 186 4
40 74 19
52 76 20
14 84 32
61 139 49
71 99 16
18 140 2
13 182 31
35 200 31
114 141 27
13 150 18
3 17 2
54 185 19
7 187 29
192 197 3
119 166 36
84 132 50
57 116 8
112 147 18
4 129 2
26 124 13
57 118 5
26 197 5
91 175 10
117 118 6
52 67 21
72 145 30
156 178 4
12 61 20
34 45 27
85 131 4
57 142 42
39 96 48
87 96 8
105 135 29
153 155 20
93 194 3
103 130 27
11 126 33
22 62 50
37 109 36
74 110 7
13 179 10
39 166 25
39 49 9
36 178 46
58 129 1
73 179 36
26 88 19
51 184 7
48 115 28
4 155 20
51 127 17
72 88 41
42 74 34
55 175 49
29 156 34
169 185 26
48 102 6
8 158 19
107 184 11
103 193 27
1 103 36
86 109 10
166 169 24
12 32 5
27 81 41
13 57 12
129 188 32
150 167 31
29 91 18
55 147 3
175 191 49
43 156 37
48 52 38
21 107 48
163 184 30
45 103 19
71 112 50
120 183 8
51 70 33
154 161 36
133 157 46
50 55 25
67 72 16
37 77 40
59 140 46
13 32 16
123 146 13
33 63 8
26 160 7
127 177 10
12 45 2
66 96 17
47 171 1
4 50 27
26 90 16
97 172 17
80 172 8
70 71 11
46 61 8
55 170 30
26 63 39
134 143 42
156 195 41
74 189 12
70 199 37
85 128 49
74 108 28
39 197 14
86 99 23
50 56 34
27 30 8
73 184 44
182 183 50
26 179 5
119 175 4
80 183 33
126 198 18
108 194 45
72 193 16
50 63 13
102 158 36
7 43 22
44 196 23
64 101 23
19 145 16
53 196 13
70 196 37
17 76 40
116 146 10
57 178 35
114 130 33
120 146 26
54 193 47
107 192 2
3 82 31
5 120 20
14 29 42
52 185 4
95 174 20
166 176 31
81 136 20
109 128 1
154 185 45
151 179 11
2 84 1
64 77 16
23 163 42
66 74 7
56 74 6
40 109 6
26 163 14
30 62 17
48 170 21
43 108 25
13 98 24
18 105 21
84 109 41
86 138 31
108 130 1
68 200 35
152 187 2
66 82 9
58 172 5
8 156 10
61 105 4
23 32 39
3 167 5
99 195 18
124 156 2
17 182 10
3 120 47
81 84 44
83 171 48
52 119 23
62 176 24
108 163 38
8 64 34
18 104 9
32 174 27
67 150 9
68 120 47
80 85 15
42 106 28
114 199 1
74 100 1
10 34 38
10 95 23
17 108 30
10 114 23
17 85 36
124 163 38
180 198 50
82 120 6
9 85 11
106 179 35
126 187 16
94 184 2
29 106 24
151 187 20
66 89 32
88 156 39
74 140 45
124 167 48
56 187 27
51 161 48
71 164 1
87 120 34
51 93 35
103 106 15
153 196 49
38 116 28
42 134 9
9 145 42
85 129 42
68 99 22
27 129 20
4 171 45
26 58 21
133 144 32
130 141 40
48 99 37
90 145 8
93 131 49
11 132 33
25 181 26
32 55 48
42 44 28
71 74 17
144 175 19
19 86 27
79 181 8
93 188 25
72 150 41
139 166 17
89 150 46
20 150 39
26 125 45
81 101 28
28 60 29
40 139 28
22 58 35
72 86 20
10 108 6
82 145 23
1 155 15
10 27 13
52 125 32
42 93 25
9 28 45
86 124 3
7 185 7
144 189 6
44 74 23
23 157 44
66 172 28
87 135 24
124 159 17
21 41 5
51 103 48
134 178 35
75 187 11
12 156 42
7 118 23
66 141 8
196 200 37
93 126 13
70 85 34
87 133 50
7 196 48
157 159 18
15 67 26
21 184 23
51 187 47
20 29 6
167 168 1
53 193 32
105 200 14
59 176 16
115 159 1
16 184 38
15 99 14
123 139 34
37 149 7
103 189 10
47 125 16
17 62 20
41 176 14
89 108 18
115 152 8
65 125 48
102 172 40
14 39 50
191 195 28
151 191 48
10 105 22
90 193 42
127 195 4
119 189 18
47 90 11
179 193 21
38 141 42
19 160 24
10 14 17
124 132 2
61 92 7
48 191 25
8 191 29
6 193 41
84 161 28
118 200 9
59 102 12
117 146 32
133 149 1
23 128 1
109 188 27
133 169 32
46 71 12
56 160 12
24 160 5
44 64 3
43 54 24
57 191 25
79 162 45
111 131 44
29 133 50
50 68 36
55 165 3
129 181 28
28 180 42
15 172 39
193 197 21
122 131 35
49 97 8
78 100 10
143 191 5
105 142 48
21 185 5
61 80 19
14 142 2
68 88 21
22 133 24
81 106 12
5 66 22
127 137 46
21 103 11
62 197 49
10 139 7
46 191 2
25 78 15
47 179 32
135 180 3
72 121 23
43 90 6
21 93 16
89 165 34
103 168 47
8 79 46
100 105 8
134 180 44
26 173 34
16 50 33
124 185 35
132 189 37
109 120 33
141 170 27
139 147 42
77 184 14
3 56 11
41 100 5
145 151 12
69 156 49
13 136 4
17 24 26
32 60 13
112 171 38
2 159 7
3 27 11
15 65 24
78 158 11
79 130 48
60 68 34
57 111 24
88 91 24
106 146 20
42 200 39
62 165 7
87 109 46
68 187 8
16 194 45
38 102 50
29 99 20
136 200 34
50 95 31
140 143 18
41 169 26
90 137 15
94 185 18
136 148 19
22 164 21
9 101 40
141 169 14
54 89 7
44 199 13
64 95 37
46 138 29
6 83 39
36 98 44
11 97 39
30 78 22
52 181 23
74 133 6
20 179 33
39 119 47
42 143 16
146 147 18
19 134 46
40 99 44
54 91 44
82 199 3
31 154 25
50 146 28
163 197 17
145 172 41
132 136 23
27 133 16
47 121 49
91 147 44
57 91 41
178 200 17
14 172 41
10 68 11
44 62 18
69 172 33
14 120 21
32 36 28
118 197 44
59 67 16
6 148 48
9 192 43
18 92 17
110 126 46
133 170 19
160 162 15
134 163 50
76 78 34
143 174 37
52 137 18
28 168 32
161 178 14
23 83 18
31 85 34
116 153 42
12 107 34
103 157 13
74 104 47
19 148 2
74 141 27
2 143 24
163 191 37
66 129 29
11 78 26
72 170 37
73 77 23
149 172 13
150 185 19
96 157 37
31 72 46
10 61 13
23 65 3
164 197 18
99 124 3
40 91 8
112 118 21
68 94 45
28 170 39
36 117 1
61 72 29
50 160 48
128 199 28
174 176 26
159 180 9
146 185 16
53 187 44
16 122 6
63 82 28
33 73 5
38 194 49
1 106 5
72 81 15
159 185 48
24 105 28
95 199 28
80 136 40
97 159 7
46 145 49
129 196 28
116 180 45
51 148 14
151 171 29
25 130 5
53 151 40
25 169 11
13 140 11
46 50 12
9 163 34
56 184 33
2 112 45
136 155 9
19 154 37
34 144 42
9 18 16
85 136 37
101 194 30
70 167 37
3 7 24
52 150 10
6 78 13
184 186 25
59 63 23
55 121 43
86 148 44
72 179 23
10 86 31
77 156 3
129 176 44
169 198 30
142 146 38
138 198 43
139 199 46
71 176 26
44 98 37
23 192 9
115 176 13
82 162 14
6 179 37
17 115 46
121 153 44
86 110 1
114 164 42
116 159 12
28 49 9
15 124 3
120 130 1
24 67 7
144 191 6
56 64 3
2 69 1
36 77 36
1 199 37
105 166 24
174 190 14
11 149 42
139 177 7
16 181 6
38 54 20
63 105 42
13 48 1
90 150 9
78 128 49
13 180 21
5 145 1
7 50 22
48 109 6
53 199 22
57 107 41
34 62 38
34 196 27
46 157 29
160 186 17
19 81 11
9 143 9
64 108 35
122 144 36
176 180 24
1 188 32
59 177 46
165 173 40
47 164 43
71 93 28
9 70 25
23 87 13
118 162 34
102 183 17
40 54 43
5 55 11
68 143 12
105 107 18
30 182 23
24 125 12
122 138 13
153 178 13
103 107 27
94 163 3
82 137 47
3 71 43
14 41 21
16 23 23
82 98 2
131 159 8
116 148 7
30 153 44
87 89 47
56 178 26
108 110 27
79 144 48
131 196 34
8 146 13
35 108 34
143 152 49
44 103 25
34 125 34
7 34 44
130 142 50
29 161 3
2 82 9
6 75 6
115 197 31
75 171 50
65 191 28
122 134 3
113 160 36
18 97 33
74 93 10
45 131 24
88 178 29
14 97 30
93 146 27
164 169 27
99 104 40
197 199 50
51 173 22
16 110 28
76 151 22
89 177 1
36 138 10
99 125 17
24 99 5
5 86 24
93 195 47
13 197 28
25 167 41
93 143 24
71 195 24
125 195 3
75 96 39
149 191 4
38 193 47
61 200 30
17 162 49
3 127 30
86 172 31
20 35 38
4 127 49
72 131 8
59 183 40
78 198 34
98 140 23
13 87 26
141 149 31
5 192 15
17 26 26
5 108 33
16 77 12
28 114 50
50 170 44
34 103 45
30 93 50
13 95 10
133 172 43
105 167 16
7 63 39
133 165 5
82 160 8
52 116 17
66 182 34
183 198 19
53 81 21
30 130 47
72 125 36
139 190 36
28 193 21
12 192 1
81 183 28
44 106 23
45 183 2
59 79 12
130 139 39
55 100 35
72 169 50
71 139 6
112 120 13
5 24 35
119 123 25
47 71 10
67 146 18
17 25 30
147 193 12
8 95 34
82 87 2
20 174 50
14 194 19
136 150 20
59 175 28
52 177 39
5 99 40
6 86 49
79 107 27
49 122 21
32 188 35
106 152 24
60 85 27
93 176 13
45 52 5
102 125 4
73 123 47
52 148 16
7 72 12
104 174 10
40 156 3
15 115 45
34 127 35
85 87 45
15 196 33
81 102 28
51 183 36
14 64 22
155 196 3
41 74 11
78 172 13
50 108 39
100 122 19
85 144 38
66 187 10
13 44 14
28 196 18
40 158 47
104 159 46
39 185 45
128 158 20
12 97 3
114 122 23
170 197 31
10 85 12
35 151 47
61 134 10
48 98 15
150 170 27
38 94 13
174 183 34
100 161 2
37 200 40
10 194 8
52 172 11
130 149 34
15 199 12
67 155 6
45 165 28
20 167 14
173 179 13
117 133 19
167 189 19
22 60 16
27 79 13
78 121 14
14 20 26
11 199 6
13 156 23
19 30 13
5 153 11
61 121 44
87 123 19
50 184 45
20 166 25
112 161 4
32 54 5
172 186 45
176 185 10
139 188 41
119 192 11
46 176 8
20 130 16
25 67 10
129 165 36
92 149 22
125 137 38
41 76 11
98 103 6
61 173 33
144 165 31
2 140 17
7 82 41
15 197 33
58 119 25
1 24 26
58 134 9
93 149 13
109 126 6
107 180 2
14 113 26
143 167 28
118 172 15
27 52 6
117 191 34
33 185 9
67 135 20
50 164 30
28 186 18
71 104 49
82 168 7
113 170 42
98 196 6
65 164 5
77 102 31
3 176 9
18 24 30
46 54 46
51 74 16
51 95 32
64 90 34
21 156 13
44 85 8
58 178 36
102 195 23
62 65 3
145 199 19
76 187 6
113 146 33
113 196 17
47 162 47
37 41 49
17 125 38
58 147 39
102 181 18
16 67 5
18 20 38
103 169 43
5 105 13
91 150 31
42 53 15
125 149 45
32 80 29
5 28 25
62 87 28
13 116 7
110 119 45
99 165 9
66 103 20
175 182 33
21 77 26
53 59 45
1 131 17
36 91 31
28 105 42
28 122 18
188 199 34
44 170 4
125 159 39
131 165 21
22 109 48
59 185 23
27 146 48
156 173 8
46 128 44
45 184 39
65 116 38
71 118 28
76 133 42
73 186 32
67 159 2
7 138 33
138 141 22
165 188 19
36 39 4
55 158 1
17 111 13
114 187 7
91 154 32
20 40 11
112 148 47
20 131 31
101 185 41
1 121 38
70 88 34
14 117 50
26 97 20
63 144 50
91 118 34
2 180 49
113 133 38
19 83 13
109 199 7
4 198 47
90 93 49
154 197 46
17 77 46
74 97 11
58 62 11
62 157 40
15 168 36
14 46 10
87 175 14
53 194 6
14 43 2
29 89 35
119 187 10
16 93 46
19 42 30
28 66 44
159 170 4
146 151 22
66 116 6
41 75 34
56 198 37
67 71 37
146 173 16
165 191 28
43 97 44
51 67 16
29 118 6
53 69 39
76 104 9
134 157 19
106 188 1
34 39 23
51 138 14
20 107 50
1 3 33
80 84 33
1 154 47
17 184 1
146 192 9
46 79 47
3 79 19
19 74 49
8 30 9
106 168 19
17 134 4
149 184 13
114 154 1
18 99 9
41 200 49
15 68 40
2 105 14
27 106 9
13 128 7
43 143 6
38 80 7
36 120 48
16 62 48
148 161 42
58 168 38
5 151 39
37 151 35
14 33 39
125 173 46
58 200 37
52 54 8
30 133 16
51 92 42
102 154 31
169 191 12
8 164 23
28 199 16
89 176 48
153 192 4
100 121 30
40 191 37
90 113 25
63 87 48
42 101 27
167 175 39
18 147 28
86 122 35
44 193 5
4 83 38
60 163 24
51 65 11
120 145 6
87 185 9
25 174 38
146 199 20
55 179 11
41 90 47
18 28 28
157 177 43
12 198 32
52 186 47
127 135 28
64 106 25
136 169 14
69 155 17
55 142 17
25 144 39
64 156 33
8 81 22
3 70 20
21 133 31
39 110 10
3 28 11
91 179 35
114 189 21
57 98 41
74 194 46
12 173 15
80 180 25
23 82 20
80 137 14
54 73 37
87 141 18
92 126 32
62 154 21
29 82 23
13 42 48
9 197 8
184 196 38
60 64 27
131 185 17
132 183 42
65 68 46
60 61 7
89 199 5
139 184 19
61 62 15
141 156 23
166 192 1
25 123 6
20 148 30
113 121 2
150 193 44
74 89 42
158 194 41
1 45 34
1 85 29
40 42 17
152 169 18
115 155 43
158 186 4
30 41 21
31 188 41
133 142 25
77 189 24
38 110 12
50 129 18
50 127 39
136 186 41
10 112 41
54 151 10
7 27 24
8 61 44
74 123 33
82 194 43
34 54 43
59 161 16
44 130 44
58 162 17
61 137 47
6 164 2
81 122 46
64 132 3
44 140 49
136 141 13
173 192 17
109 179 49
19 187 19
79 139 11
53 159 48
106 130 10
33 163 34
36 141 45
82 112 40
8 46 3
41 42 34
167 196 9
120 164 23
101 172 45
39 159 17
47 147 43
6 94 18
37 144 18
11 156 9
119 197 32
59 65 3
7 36 12
85 157 45
67 117 1
109 194 35
22 76 44
5 92 6
16 29 22
43 107 3
1 94 49
37 133 22
18 54 1
85 109 49
21 52 48
65 152 50
23 62 25
10 65 5
1 2 32
5 184 45
105 116 44
63 86 8
51 133 50
44 142 35
78 146 31
108 178 34
57 179 48
135 177 28
81 114 14
15 152 31
123 170 44
1 83 9
58 163 44
18 33 41
118 127 44
123 150 47
23 35 23
57 150 14
1 160 32
86 105 7
36 148 45
115 157 38
65 75 50
20 36 34
98 162 11
118 154 9
61 63 9
125 146 32
55 86 32
139 173 27
19 177 27
67 102 28
65 138 16
4 114 30
27 98 47
21 134 7
41 70 4
36 156 3
70 115 19
15 104 23
40 47 47
11 184 4
13 118 33
47 130 27
147 161 27
16 109 11
43 187 47
26 30 25
126 145 10
37 123 30
23 107 12
38 61 33
7 114 26
27 171 38
40 89 30
37 88 48
106 185 13
63 145 30
52 144 1
27 194 9
93 164 49
76 181 7
14 81 25
124 166 19
47 103 5
24 97 16
7 52 3
57 69 35
9 40 1
50 109 37
138 181 15
49 200 1
77 123 45
18 38 42
24 151 46
45 82 3
98 198 50
132 143 40
75 105 46
71 109 2
63 180 14
12 141 44
80 130 47
42 70 22
76 127 1
106 157 28
30 119 44
32 109 35
38 62 21
121 132 7
99 168 34
23 162 10
97 192 32
83 91 47
126 162 24
112 155 8
38 135 30
44 122 35
166 188 19
102 130 39
1 70 17
49 192 35
142 149 14
15 105 4
35 91 29
155 167 2
154 189 25
52 165 49
64 65 23
124 126 32
59 138 39
58 142 34
15 42 49
47 141 27
76 110 36
12 42 14
13 103 38
16 176 10
96 126 32
47 101 29
179 188 46
46 127 8
1 12 46
86 127 48
74 185 35
132 194 34
47 105 35
162 185 29
61 129 23
68 161 44
150 197 22
94 199 6
16 84 36
45 178 43
20 59 14
65 174 29
31 169 37
91 131 17
177 190 45
106 149 33
61 71 14
2 92 46
147 173 36
20 91 19
139 175 15
123 178 12
103 143 18
22 38 17
109 158 24
39 56 3
41 172 6
99 180 7
47 166 41
85 180 39
53 109 9
125 188 13
55 68 35
54 135 39
62 145 49
54 129 29
10 152 2
131 163 34
139 162 40
70 114 8
122 129 34
92 151 39
39 122 26
25 164 49
107 144 45
103 176 16
4 118 27
128 195 47
108 176 35
159 164 16
16 182 49
25 66 19
165 177 28
43 88 20
50 180 7
39 156 22
3 41 40
97 150 27
108 189 22
126 137 12
87 186 18
51 82 9
92 141 5
95 168 10
4 79 27
74 164 31
24 72 16
72 133 23
8 180 29
55 79 32
173 186 43
75 102 34
56 142 6
186 191 14
32 128 4
150 189 1
125 183 9
62 101 15
36 110 5
157 188 44
158 173 50
17 95 44
39 169 27
100 146 35
5 50 19
78 143 8
89 132 10
29 196 34
35 158 45
67 131 2
17 33 45
73 132 17
32 106 23
54 180 42
26 86 44
23 194 28
87 148 7
17 65 38
116 179 43
106 141 12
38 101 37
56 69 24
4 192 42
31 167 4
145 185 5
74 156 3
5 6 47
116 144 29
30 155 1
175 178 50
175 184 26
32 119 19
26 46 43
3 118 36
6 28 8
80 154 40
40 186 8
77 101 8
122 125 38
57 152 30
82 139 44
1 139 11
89 172 11
5 88 30
85 168 32
167 186 14
61 89 9
88 198 36
16 43 28
36 50 2
129 190 37
19 164 16
149 185 44
71 136 27
105 188 20
72 166 15
8 115 33
28 131 47
50 51 25
65 150 1
79 156 28
73 157 40
43 162 4
10 18 14
124 192 20
10 90 20
47 91 25
7 89 9
18 128 2
52 199 20
12 72 39
50 139 35
33 138 38
105 171 46
131 151 6
54 161 49
138 176 2
43 94 46
36 192 34
115 135 30
2 38 8
170 190 50
42 67 19
148 172 43
127 197 11
29 129 8
7 142 10
122 178 32
33 104 25
26 103 50
140 159 15
171 197 19
10 122 17
21 24 7
40 112 39
36 59 50
52 133 14
88 130 16
69 194 13
78 98 28
50 162 26
40 68 15
9 177 47
62 133 23
16 146 37
54 75 42
91 126 25
102 109 35
17 197 26
88 113 40
6 115 20
2 43 38
115 196 43
11 35 27
173 191 44
179 190 4
68 91 45
13 38 43
2 39 11
3 40 9
29 49 4
104 158 36
171 172 43
6 36 50
47 131 39
26 70 13
76 170 45
32 193 30
68 147 39
16 174 39
143 195 36
23 108 44
33 86 32
13 77 32
113 179 42
168 180 31
48 135 18
85 94 40
95 99 25
16 134 47
132 134 42
24 124 34
20 75 16
3 87 21
135 140 2
111 153 42
33 120 33
19 183 33
40 88 39
146 161 8
34 176 23
32 162 25
62 89 15
85 124 30
130 132 46
49 93 18
66 191 26
111 188 8
94 157 29
31 63 33
138 174 24
92 140 13
70 152 48
119 124 13
60 133 44
7 159 7
32 59 50
9 26 25
146 179 32
30 57 33
7 161 29
59 197 1
86 113 6
46 82 21
114 117 12
53 188 3
108 138 46
57 106 38
69 151 43
16 108 42
30 195 8
39 70 3
176 181 27
50 52 15
62 124 10
171 180 5
31 59 25
60 110 47
88 103 29
41 124 15
168 196 43
135 136 31
161 181 20
125 171 34
113 193 49
42 168 14
46 72 47
165 170 26
23 184 20
36 132 31
121 146 12
32 61 3
164 187 10
154 188 49
87 145 36
120 195 26
1 176 45
120 161 11
21 192 9
137 144 3
9 182 47
185 190 27
64 179 12
92 99 31
166 185 32
19 197 44
59 128 23
150 152 47
16 21 44
40 190 25
36 82 38
6 200 18
69 149 15
48 57 39
48 105 11
137 185 3
71 153 47
95 200 4
121 188 19
78 122 33
27 199 7
183 199 6
35 155 26
89 123 31
118 161 28
12 128 24
31 165 46
1 29 17
151 167 36
34 130 17
69 162 17
103 121 35
39 165 9
18 65 45
31 149 48
72 199 5
91 142 14
47 76 30
32 130 22
43 47 45
65 192 17
159 183 18
35 197 42
24 187 6
45 100 9
37 99 47
34 181 5
138 155 4
48 68 14
78 94 1
23 76 39
66 92 33
44 49 26
116 125 45
26 162 27
65 182 25
14 152 26
39 97 41
55 150 30
35 115 17
49 95 38
180 187 31
42 71 4
30 91 12
48 77 27
22 182 4
27 31 24
53 73 17
9 97 20
23 69 22
40 96 1
23 70 29
59 110 13
20 172 22
124 189 38
102 165 20
159 169 24
64 96 17
20 50 36
74 120 11
2 193 41
33 184 45
167 176 49
91 141 24
11 81 44
1 193 33
70 77 41
96 123 21
75 87 5
53 160 27
60 97 49
90 104 39
40 187 25
43 182 39
56 71 25
65 131 15
171 189 33
110 184 35
157 193 15
33 81 3
75 122 14
20 110 32
16 57 12
153 198 6
44 147 6
20 153 46
101 186 39
128 156 25
51 77 33
83 118 32
107 169 24
144 156 47
5 169 40
97 112 2
142 183 40
145 171 29
47 88 22
76 124 23
73 121 1
91 99 20
82 191 19
3 60 8
30 117 42
36 81 36
47 126 31
11 50 30
84 179 6
136 159 19
40 59 10
136 146 46
20 191 40
49 70 35
120 131 36
134 145 8
70 74 1
60 165 10
51 189 43
8 196 36
101 133 44
56 72 13
117 161 45
18 27 10
80 106 28
58 175 5
49 79 37
10 187 23
6 33 1
147 149 36
44 93 17
18 42 1
31 132 13
56 150 1
175 176 50
28 144 38
70 149 7
9 65 8
72 162 18
8 167 2
28 67 27
117 183 19
31 76 17
43 142 7
28 194 30
149 195 39
73 127 50
45 115 24
80 122 35
54 148 31
133 147 20
43 168 42
99 198 41
33 50 38
96 156 6
62 140 8
79 82 13
33 78 9
34 136 13
134 153 30
37 150 6
39 174 16
124 176 18
3 59 50
36 70 8
177 197 34
99 130 16
43 63 26
131 183 48
94 134 29
172 190 19
153 182 5
173 174 49
92 196 28
3 155 18
89 160 30
23 47 18
44 90 25
16 164 12
167 198 41
7 110 12
56 113 32
113 135 46
28 35 19
20 57 32
22 55 36
73 134 44
93 114 36
64 191 27
38 64 50
18 34 46
55 162 13
24 120 18
86 188 21
130 134 5
43 184 6
73 128 24
21 50 26
54 169 17
107 185 47
29 114 45
33 162 24
51 179 25
61 88 44
85 169 48
38 52 20
35 191 21
117 123 39
32 136 24
26 77 11
25 91 44
61 99 43
22 173 40
107 165 10
80 194 23
41 43 12
131 194 3
78 145 2
88 161 38
54 144 21
105 158 1
8 110 27
17 103 29
80 168 2
74 196 16
82 190 48
79 198 11
132 154 34
53 101 45
56 81 19
64 184 25
80 114 26
46 99 39
123 138 17
105 130 39
169 182 17
142 172 45
102 186 1
7 25 43
22 149 12
119 128 26
20 200 47
25 104 18
102 169 18
137 160 30
2 149 38
77 105 30
40 62 27
114 195 44
35 147 43
128 188 45
128 178 17
178 195 40
87 171 20
82 122 22
38 56 46
40 189 7
81 93 30
7 86 17
1 107 26
100 191 29
114 158 34
94 133 35
112 185 14
6 42 18
20 128 26
11 192 24
121 152 9
130 172 20
36 143 13
47 106 33
60 173 7
121 154 21
42 122 11
23 72 11
8 137 7
76 165 44
17 114 14
120 126 27
78 182 11
102 180 32
146 200 42
63 88 5
118 139 35
50 194 15
37 192 26
2 14 4
100 133 35
11 77 27
142 154 5
102 126 31
71 133 48
137 189 18
136 182 1
32 124 12
193 194 7
37 103 1
96 148 10
70 78 18
48 181 25
114 155 16
76 90 36
179 186 17
59 119 11
15 28 13
88 199 32
20 90 41
96 173 30
112 183 4
55 71 39
78 162 13
52 68 47
48 143 47
63 89 28
29 84 45
117 155 26
92 166 26
154 163 34
63 122 20
7 131 23
53 63 21
14 140 10
69 74 3
167 187 4
78 169 8
147 178 18
24 58 50
45 161 29
72 138 26
103 166 23
41 80 25
46 154 15
102 145 8
112 121 17
14 21 10
65 149 34
158 170 12
16 139 26
14 156 32
12 75 37
4 187 20
14 146 34
66 114 24
33 71 24
102 193 33
43 99 10
25 136 30
74 111 39
102 167 40
44 95 3
31 122 43
92 194 43
145 196 30
98 176 28
124 183 40
49 161 2
53 141 46
91 153 39
16 159 13
41 180 38
107 126 45
78 185 19
30 104 9
89 196 40
20 159 5
43 98 8
2 158 9
155 184 32
87 101 50
82 179 45
46 149 4
99 151 21
48 197 16
119 132 42
5 143 24
19 47 12
107 120 35
138 157 2
23 68 5
32 121 1
90 147 6
19 88 42
16 51 18
27 65 17
61 162 15
90 176 48
11 12 31
112 176 21
38 146 11
2 80 18
19 22 31
108 117 23
4 168 39
12 200 41
100 157 49
115 166 17
58 158 15
133 181 31
43 61 45
70 122 32
21 117 50
69 94 7
71 108 12
143 154 40
101 146 15
127 194 38
8 162 33
23 77 2
64 194 17
37 61 1
88 96 50
16 161 47
19 51 23
86 131 34
145 153 7
140 190 37
17 168 48
3 52 8
98 152 3
67 171 14
13 115 21
111 158 21
7 155 26
80 195 27
44 169 40
56 140 25
15 185 21
82 92 46
134 200 37
152 182 27
33 45 48
19 165 21
22 154 46
69 86 9
104 108 9
57 122 6
39 83 6
143 196 26
4 39 48
41 91 37
17 196 28
2 9 32
87 172 17
16 101 19
74 79 21
34 37 42
142 198 42
12 161 17
17 165 10
56 168 28
69 134 26
99 152 1
4 60 33
134 190 29
1 145 45
46 187 3
47 77 16
82 158 39
87 131 22
44 65 27
11 100 32
63 127 15
174 189 24
37 112 42
2 173 19
128 186 3
52 89 25
46 119 10
48 161 3
171 199 19
34 49 8
94 135 22
32 156 30
24 164 27
57 97 49
91 139 22
30 152 25
78 139 14
37 167 27
108 188 3
45 119 25
50 163 39
115 134 47
1 98 4
11 147 25
125 155 22
8 31 27
150 165 26
9 57 7
34 70 12
41 151 42
3 29 14
25 116 11
32 123 7
15 41 23
114 188 36
48 119 37
66 157 18
94 98 43
90 96 44
168 169 27
113 158 15
88 164 9
56 175 34
12 160 3
84 108 25
16 156 20
69 113 31
33 46 35
164 172 6
78 180 3
43 77 18
26 76 6
4 197 10
54 165 22
43 137 43
133 198 18
7 128 29
57 195 7
103 182 35
136 168 43
61 104 50
10 76 31
148 177 25
71 119 2
78 118 13
137 199 26
170 174 19
35 97 47
64 99 36
67 104 36
157 199 25
38 68 9
34 67 48
14 174 29
34 41 34
133 193 38
13 148 4
88 153 5
69 118 3
52 195 16
16 82 42
24 163 19
18 109 50
1 163 48
63 118 36
128 154 48
86 153 8
28 152 19
97 115 17
36 49 35
78 167 19
12 26 30
126 176 4
28 68 12
167 178 37
155 187 18
22 54 33
40 61 3
110 124 10
10 16 8
36 123 4
13 96 43
61 180 9
99 139 30
157 189 23
9 21 5
164 190 32
135 200 33
143 147 11
9 87 20
120 198 32
87 157 6
103 198 16
24 100 25
90 94 49
51 94 11
70 118 34
48 182 46
39 104 41
76 136 26
103 116 10
38 86 42
88 200 6
122 175 36
120 142 2
35 81 7
104 144 28
48 141 11
74 127 30
62 198 33
74 122 49
15 61 3
1 141 43
16 70 44
64 80 45
98 99 28
143 160 48
55 185 11
57 180 20
65 133 25
34 58 5
5 23 45
139 164 18
132 186 10
24 53 43
68 122 38
24 121 44
169 173 43
5 177 6
49 96 13
111 163 18
151 169 46
97 190 40
81 194 36
104 182 36
26 174 37
65 70 27
34 184 31
50 85 19
79 150 11
76 156 46
136 167 22
151 160 35
143 145 11
35 124 31
52 174 2
51 130 25
137 142 2
33 99 7
82 152 7
98 125 40
111 115 44
58 66 26
121 171 36
106 163 2
2 23 10
111 200 4
43 191 49
114 180 49
74 150 1
67 175 47
167 174 2
138 159 38
62 127 12
27 147 5
68 152 13
37 142 46
19 46 36
14 169 41
147 169 23
66 169 50
61 69 41
151 184 45
107 172 4
136 152 18
74 173 32
114 116 7
6 126 21
26 172 6
18 141 18
4 29 49
31 189 42
112 196 43
112 200 34
8 178 49
23 152 1
60 193 12
34 101 46
70 109 23
105 117 11
133 151 49
4 181 12
81 91 11
48 157 31
30 45 29
104 141 48
94 96 20
1 125 6
73 156 16
101 116 24
191 199 38
30 79 39
103 125 42
147 181 34
12 170 35
12 188 39
47 72 6
5 148 4
141 196 5
32 84 2
64 89 21
66 152 14
43 131 48
33 69 4
55 110 46
66 98 11
134 135 46
117 186 41
166 173 15
54 119 13
82 166 9
20 68 28
161 175 20
35 107 30
32 187 43
15 19 18
112 122 29
84 167 34
64 197 40
162 176 41
31 192 15
180 195 4
59 141 47
43 164 25
5 76 9
12 66 11
13 123 4
18 101 6
66 179 41
75 121 1
25 71 19
72 190 5
51 107 24
105 186 5
191 198 25
53 127 3
77 138 33
28 153 27
81 88 48
141 197 3
22 24 20
102 132 3
109 148 40
42 96 20
44 72 30
22 127 3
44 131 31
68 190 14
55 94 24
54 71 18
100 111 26
97 188 8
92 170 47
138 151 35
40 176 12
46 117 34
3 77 25
12 167 19
130 178 1
58 68 47
111 174 19
53 154 13
37 56 41
146 181 27
130 181 41
120 140 23
97 186 7
53 62 12
51 131 16
37 110 41
15 126 46
136 181 16
148 185 30
18 59 15
96 125 39
1 143 7
68 125 19
92 118 47
58 189 3
21 190 20
78 134 41
65 79 9
32 100 23
69 122 21
138 186 47
10 145 17
130 177 5
16 96 6
82 106 29
59 194 37
11 63 6
49 163 2
23 132 30
23 136 44
57 63 27
17 37 35
48 164 18
93 148 44
53 167 3
65 137 15
27 130 9
109 131 47
101 103 45
20 94 5
41 128 7
114 152 7
52 78 24
95 105 21
84 156 34
87 164 25
137 173 12
26 145 22
48 75 32
98 137 24
123 167 36
87 153 2
89 179 20
190 198 34
90 146 47
24 173 21
21 51 2
17 38 49
126 199 42
72 117 44
25 182 5
97 125 19
69 130 27
38 108 9
62 174 19
65 112 23
41 49 50
106 154 9
4 38 26
53 77 20
22 103 14
86 177 44
39 171 21
46 155 23
141 146 44
165 179 31
84 112 45
80 160 3
42 83 12
62 115 19
44 119 29
8 132 33
87 174 6
31 40 28
153 172 1
20 127 27
111 165 35
72 167 2
128 197 14
26 55 46
47 160 40
149 173 36
31 134 32
75 143 44
76 86 24
102 141 17
46 139 17
132 175 50
86 135 25
29 128 21
16 63 48
27 185 8
123 176 8
76 192 3
67 145 25
75 116 3
2 33 11
73 196 40
24 177 22
73 153 17
40 195 17
3 15 15
71 128 22
17 145 20
71 199 7
121 186 37
9 127 30
16 126 25
146 197 19
21 179 40
68 149 17
7 64 2
26 140 29
62 175 31
55 199 32
51 144 7
84 184 42
48 171 16
136 139 48
10 78 15
70 190 47
43 199 24
16 115 6
18 155 43
141 182 27
70 135 10
6 144 33
128 138 39
77 162 30
39 112 44
76 200 11
53 111 40
25 132 44
91 129 8
85 171 16
46 78 26
133 177 33
139 150 43
72 168 25
68 192 2
4 101 7
158 168 12
74 129 2
21 195 30
58 96 28
125 170 40
93 134 29
49 69 24
137 186 3
64 195 31
56 73 42
106 115 27
29 88 6
22 165 8
70 182 11
150 157 40
2 67 33
126 127 22
115 125 20
195 199 8
72 105 7
63 131 48
31 101 12
16 187 37
13 24 29
109 110 43
58 183 42
71 146 40
24 42 28
35 55 8
15 180 46
62 104 48
63 68 4
54 120 20
76 85 25
68 191 29
103 137 20
58 146 13
127 159 32
38 104 14
81 184 45
79 169 49
111 189 28
8 40 35
15 103 18
176 192 47
10 151 36
39 149 27
70 130 10
120 150 15
103 142 25
5 107 8
19 118 42
68 114 38
94 153 47
65 143 19
98 148 21
96 180 27
105 109 1
74 102 23
25 173 44
10 184 43
6 167 45
161 196 15
162 166 14
125 132 44
56 84 23
25 124 22
21 130 16
89 173 8
39 53 23
28 53 21
61 116 32
86 112 39
55 75 2
4 133 28
40 177 23
29 100 20
63 124 16
63 115 44
66 119 3
48 188 6
54 100 34
25 32 20
104 192 20
13 183 34
19 179 29
121 194 11
64 107 38
6 19 25
115 168 5
40 65 44
122 126 10
17 20 32
15 49 25
64 157 20
38 158 23
43 125 32
79 195 37
125 181 13
86 183 5
59 146 10
77 144 8
61 124 48
133 140 23
11 57 9
26 102 27
128 146 18
82 127 11
3 190 14
64 188 5
17 178 18
36 106 30
90 109 6
66 160 16
10 169 33
152 186 17
1 16 21
33 79 29
117 177 20
62 113 2
172 185 31
114 200 5
97 162 35
53 112 40
165 195 50
159 160 2
66 166 27
11 162 35
83 143 21
2 49 33
68 194 45
77 200 48
3 38 3
58 127 45
27 36 27
169 180 21
34 182 32
3 34 50
5 127 37
27 112 34
6 91 15
123 162 37
23 178 37
34 111 23
45 128 27
120 200 37
77 94 10
5 30 22
26 43 5
69 103 7
77 150 2
9 153 48
77 111 10
50 90 12
140 169 18
34 82 19
38 139 1
48 159 3
37 170 33
81 121 34
27 177 7
71 188 11
138 184 20
51 56 26
90 152 19
26 78 42
92 190 23
51 84 48
78 194 49
22 124 44
39 142 31
31 78 16
27 95 7
18 67 20
64 87 46
11 25 25
9 81 37
51 105 24
50 117 32
15 129 44
95 130 4
91 173 47
12 110 30
1 138 32
102 176 49
42 165 42
37 96 18
74 130 9
2 139 12
2 147 9
26 156 3
32 73 19
37 38 40
16 135 28
117 144 9
72 165 4
48 138 44
27 127 7
75 126 46
78 119 31
121 127 25
46 148 34
182 186 2
22 112 23
55 99 7
89 186 19
29 81 9
22 104 15
50 134 47
45 73 2
87 144 37
88 116 43
6 69 15
52 141 12
74 121 32
1 13 17
18 60 23
104 120 6
24 167 49
46 194 25
15 154 16
61 77 32
106 110 6
111 160 27
88 158 21
28 176 43
81 166 25
10 48 18
36 54 35
54 190 27
6 76 28
4 57 35
40 173 28
62 170 42
30 46 10
5 29 49
34 197 17
60 79 2
77 182 41
18 136 27
26 61 32
135 179 35
40 179 13
37 54 29
133 146 47
151 170 3
32 111 46
180 192 34
185 200 22
5 138 20
131 137 16
52 86 21
3 39 21
90 119 48
106 108 3
73 193 39
25 89 27
87 150 7
43 163 34
7 188 14
100 127 28
40 161 2
81 118 1
137 141 8
111 118 10
166 177 5
52 200 11
11 34 38
50 107 19
86 111 43
43 52 24
84 154 20
97 119 12
107 137 50
55 132 8
120 162 3
30 71 29
115 190 6
132 167 35
100 108 35
3 174 5
56 200 35
43 139 39
5 95 35
52 117 32
50 193 27
127 151 48
56 191 36
16 178 47
20 108 26
117 187 5
24 178 18
1 30 34
67 118 34
59 60 34
23 182 21
50 125 3
126 153 43
83 105 46
7 47 10
73 85 36
18 35 7
8 125 41
118 167 40
82 128 13
2 148 22
158 185 2
43 46 49
64 75 5
62 179 42
41 45 17
84 177 45
166 198 37
19 94 33
99 196 40
23 91 16
126 129 21
17 29 46
75 118 38
107 156 15
4 190 48
102 191 23
61 132 38
27 59 40
108 181 47
54 79 31
60 118 21
77 129 18
68 167 26
22 68 40
32 87 17
16 58 21
124 182 44
168 192 8
36 57 23
25 46 7
22 193 2
106 196 3
28 136 18
27 109 45
99 153 40
63 102 18
24 68 32
80 138 37
71 186 47
110 191 10
18 49 33
12 165 40
59 124 14
53 128 22
74 132 13
142 200 49
6 12 10
24 123 19
30 128 26
159 179 45
14 126 16
25 147 26
24 92 8
42 97 39
57 159 7
108 171 43
70 165 29
3 75 47
39 44 18
158 161 26
62 153 16
98 177 37
69 159 21
15 56 34
6 65 47
23 197 30
39 69 29
115 118 34
22 25 13
104 190 17
8 135 6
130 135 25
9 111 37
97 110 24
7 57 1
92 153 17
143 158 30
11 82 27
169 179 43
1 76 24
37 102 6
45 156 11
85 104 17
80 87 20
14 15 44
92 142 40
42 162 32
170 187 20
94 141 47
91 191 33
137 198 16
96 163 17
97 121 47
84 190 26
155 182 9
32 94 36
169 189 9
82 144 33
57 169 44
114 175 13
86 184 34
131 192 27
25 98 19
2 87 44
66 88 10
26 45 39
55 137 29
11 68 36
23 189 35
113 157 2
161 177 14
115 139 6
38 140 34
6 57 38
67 112 50
67 152 26
9 181 6
63 159 23
60 184 39
196 198 35
66 184 25
46 181 48
24 33 41
2 13 46
66 167 34
44 102 21
27 50 19
48 83 37
19 186 26
86 161 37
15 107 13
192 196 20
47 78 32
46 89 22
62 83 36
125 163 46
23 145 27
9 59 14
7 39 40
148 173 50
108 142 49
57 78 45
3 153 25
41 168 45
132 148 38
22 66 29
10 94 36
66 153 19
177 199 5
9 168 49
68 73 1
5 156 23
70 145 24
22 157 41
163 177 45
140 179 45
52 142 6
2 165 29
86 190 39
153 190 35
17 48 49
1 102 27
42 181 36
41 89 27
26 181 6
19 78 21
2 178 2
119 136 29
29 184 19
87 132 28
82 99 26
17 189 2
187 191 2
3 83 29
36 113 1
24 44 19
39 94 38
45 192 17
186 193 15
7 31 30
88 134 36
10 64 30
78 84 2
127 193 42
22 49 29
62 188 39
106 191 1
30 37 2
141 142 25
86 114 12
155 198 1
29 45 42
27 39 1
88 188 46
6 121 9
187 200 8
103 196 45
94 160 22
33 188 34
59 168 26
16 73 27
122 124 6
135 171 41
38 159 5
82 142 26
5 42 8
125 158 22
142 165 17
23 139 13
112 126 31
3 43 48
66 70 30
181 197 36
95 156 28
129 164 14
54 200 31
80 126 8
20 28 10
159 173 13
110 180 24
36 155 9
47 86 41
59 85 8
11 49 13
38 196 1
36 86 7
44 100 44
52 163 3
14 175 36
27 196 42
144 199 41
102 166 22
17 30 16
2 37 38
52 146 46
49 156 1
34 90 45
6 17 16
25 186 5
82 121 8
22 158 2
20 104 34
12 35 42
78 103 19
106 126 26
105 115 17
76 162 50
73 101 14
85 107 26
121 137 23
41 163 11
20 186 31
34 114 24
34 91 26
31 197 12
56 151 11
40 60 28
75 99 6
30 125 49
72 128 13
68 146 1
47 94 27
37 140 14
148 167 36
186 188 30
15 74 40
174 180 17
67 138 2
136 144 16
63 120 40
99 163 17
59 192 29
25 94 12
65 96 31
72 156 50
30 31 37
61 73 5
144 162 15
64 148 12
82 147 12
56 146 29
60 135 50
11 118 29
46 83 49
50 59 18
176 198 1
104 131 31
128 170 33
150 184 27
29 38 28
107 171 47
97 185 41
31 195 13
25 60 14
52 135 24
84 141 10
96 179 48
16 140 6
134 186 47
26 139 6
75 120 28
5 27 3
50 113 10
13 152 46
149 162 25
59 97 5
12 125 31
30 89 17
181 183 18
8 25 18
119 159 21
26 113 22
130 163 48
134 160 21
100 158 3
112 153 26
90 122 13
49 58 32
32 69 27
56 94 35
26 142 24
70 194 15
80 82 41
11 56 12
78 147 1
124 145 38
54 181 22
41 101 36
7 9 1
45 186 22
15 51 7
96 170 28
14 104 23
158 172 43
49 74 50
4 185 26
105 198 33
62 81 46
60 168 9
115 175 28
59 86 9
105 123 5
55 109 12
132 150 29
114 156 5
32 37 30
137 154 8
3 89 9
45 171 49
63 187 19
89 158 10
102 135 15
77 122 10
109 176 36
59 80 9
6 102 44
23 51 9
39 153 38
88 173 23
48 145 12
69 174 27
7 66 13
111 148 42
106 198 44
17 102 37
15 183 23
56 130 49
67 170 13
14 47 6
132 162 3
85 134 4
115 124 27
3 90 41
22 189 42
137 200 2
79 81 30
104 139 17
72 144 2
144 184 20
140 182 1
108 112 26
15 114 22
75 146 19
70 139 48
91 95 35
43 82 31
61 97 6
99 193 30
42 170 43
68 95 8
101 107 11
8 168 6
127 150 7
73 192 39
165 184 44
117 119 38
50 181 7
6 131 33
11 71 24
18 30 50
26 28 28
102 197 16
92 114 18
84 174 38
39 101 15
29 63 40
3 173 17
20 71 23
72 111 42
67 98 4
5 158 26
78 90 43
189 200 14
45 104 45
107 199 22
7 156 14
69 192 11
111 138 32
91 180 39
147 157 1
8 53 49
118 128 26
29 137 17
23 171 14
8 74 45
43 141 25
90 139 32
99 133 31
59 100 23
98 112 8
63 119 16
88 128 44
22 44 48
179 181 2
94 169 19
32 165 15
98 146 26
42 125 42
53 163 26
79 86 9
54 104 8
156 198 11
1 147 9
4 47 25
60 171 16
109 112 12
22 198 40
129 146 17
39 183 36
37 40 35
67 122 18
43 158 1
15 69 8
108 170 44
139 176 49
23 137 23
12 154 37
33 151 27
89 187 28
76 118 17
82 115 34
85 146 38
134 172 33
27 134 9
18 48 18
42 184 33
81 140 31
91 145 44
11 22 14
44 126 24
65 161 5
21 42 42
3 68 27
15 97 5
173 175 37
121 130 18
110 192 13
66 108 35
31 144 29
132 142 41
162 195 30
27 198 5
60 94 6
7 178 26
88 119 1
4 37 37
26 131 17
75 200 6
12 129 28
80 93 48
119 171 4
164 191 13
5 82 48
32 108 45
81 130 46
25 95 12
17 180 9
29 102 7
181 191 22
114 172 39
33 143 45
138 142 45
8 87 17
7 139 49
106 135 36
72 151 24
123 136 9
125 141 25
141 162 44
160 170 22
44 146 40
19 174 34
6 13 19
52 69 37
170 189 27
2 12 36
71 196 24
110 199 33
22 137 7
51 149 43
46 162 20
26 135 31
97 154 9
98 185 16
2 27 40
142 174 45
23 164 43
109 140 34
59 76 48
133 176 22
57 161 47
25 172 26
11 145 12
102 128 3
164 174 46
61 192 17
32 91 10
71 197 41
64 171 17
22 53 50
174 191 18
37 39 38
47 107 27
186 196 44
16 136 35
177 189 20
42 137 34
143 200 12
95 100 19
139 163 35
28 42 11
21 160 6
66 117 36
42 195 49
81 134 35
61 127 36
147 187 43
16 188 36
30 197 23
108 134 47
40 78 34
17 61 6
114 179 29
11 107 40
9 83 43
88 176 33
22 99 14
46 113 39
103 188 7
11 27 30
78 108 12
15 133 25
36 67 27
33 60 43
140 145 8
5 147 26
24 25 18
27 60 4
59 193 31
8 139 14
67 158 2
13 175 40
26 182 24
139 170 12
74 80 10
19 80 27
74 94 2
129 145 28
29 69 29
82 192 20
121 181 20
19 173 16
46 178 26
62 152 18
66 133 24
5 65 24
105 110 32
24 137 17
23 71 3
128 157 36
10 15 50
64 175 6
2 79 21
63 65 42
13 125 16
71 161 15
65 95 7
103 108 32
140 161 46
95 149 37
44 188 6
8 133 1
75 197 5
163 193 17
45 107 11
148 183 13
85 88 28
61 171 19
120 190 3
45 58 1
123 147 33
10 93 22
9 167 28
56 119 8
29 61 22
110 198 44
2 64 42
72 76 6
81 191 49
4 92 43
33 178 17
62 183 49
110 172 42
155 176 20
138 169 36
41 94 22
72 175 23
27 83 25
17 60 11
52 85 25
108 136 11
35 50 7
181 194 9
56 137 19
13 157 9
7 111 44
2 35 21
153 195 16
85 197 34
169 183 19
17 98 1
84 100 42
23 111 24
53 126 34
30 112 24
57 129 19
119 199 8
86 186 17
26 29 27
54 110 29
171 185 10
31 150 3
33 106 33
67 82 34
56 118 15
72 196 30
51 102 25
89 141 39
34 128 50
17 190 18
106 200 12
22 131 44
74 99 37
73 170 24
36 55 34
184 191 33
69 109 19
85 181 43
69 142 35
84 118 14
58 173 16
39 105 13
175 198 46
108 149 44
63 91 16
117 165 18
20 98 12
119 169 4
89 200 49
27 64 37
164 177 17
12 182 3
3 194 1
48 61 5
21 120 10
83 100 45
85 177 28
85 154 30
145 157 21
111 140 39
16 45 23
8 93 17
8 118 2
48 69 6
48 148 11
75 130 28
11 196 19
14 28 38
3 14 28
13 31 13
10 153 6
85 102 22
52 122 12
173 188 48
13 146 48
88 157 7
108 115 48
134 191 30
52 191 29
105 144 37
93 166 32
99 187 29
162 177 28
33 148 14
98 122 41
52 123 8
16 53 24
10 58 49
112 158 34
58 88 11
13 53 29
80 96 12
134 182 20
4 105 41
73 189 43
118 169 21
104 167 46
76 148 43
54 157 40
47 102 36
88 144 35
54 95 16
52 59 18
102 175 46
62 146 25
97 146 30
128 193 7
175 186 35
6 162 48
44 189 33
28 145 46
6 27 29
23 112 15
92 122 14
53 55 9
32 48 7
66 109 35
11 143 12
106 160 45
96 127 28
72 132 25
32 105 37
70 179 6
4 154 27
162 200 20
120 149 4
142 178 10
23 59 20
147 159 10
84 101 4
51 120 25
20 95 31
50 64 44
4 173 5
101 169 16
35 162 5
32 140 12
18 188 45
18 31 33
166 195 39
48 56 33
84 171 17
22 181 16
80 166 31
62 70 47
18 163 20
7 14 4
2 150 44
120 139 21
31 168 21
6 73 40
62 185 9
159 166 44
75 149 46
143 163 43
30 75 42
43 123 5
104 143 37
30 80 29
137 159 37
161 195 32
49 56 33
51 136 1
31 156 47
58 148 4
95 107 22
127 140 29
40 144 38
58 61 28
66 149 11
110 113 48
69 127 46
23 148 29
110 195 27
139 178 36
80 115 9
20 146 43
20 101 31
40 75 9
24 104 12
147 171 26
24 197 25
132 187 24
100 156 42
10 99 10
67 174 15
27 93 2
192 199 37
82 184 39
47 84 50
38 138 1
93 123 7
72 152 41
6 184 42
40 52 9
151 168 27
84 115 29
62 116 16
3 46 31
35 62 48
27 44 41
36 180 4
48 123 5
89 100 21
133 173 34
18 192 21
108 141 8
134 141 43
13 84 43
152 190 20
27 67 30
36 92 20
81 172 13
118 190 17
90 118 50
47 62 12
4 97 21
167 194 36
66 198 27
13 121 42
46 97 25
15 85 33
18 76 10
90 97 14
70 193 4
100 114 41
47 48 6
13 108 32
111 156 24
58 73 6
85 148 19
39 124 30
150 179 5
28 178 13
1 52 45
131 193 22
68 75 43
122 190 35
28 188 16
22 170 35
81 126 20
56 172 33
32 116 9
55 145 46
10 40 35
95 160 23
6 79 8
126 166 33
154 184 43
29 195 37
104 130 34
37 64 2
113 191 34
138 200 39
101 164 44
72 91 42
123 195 29
112 140 19
46 109 21
45 69 48
9 32 11
26 68 8
21 53 38
166 190 21
9 128 27
116 128 25
81 185 43
148 170 46
154 165 5
18 78 25
152 191 28
35 39 4
64 117 28
22 119 16
18 91 15
80 83 41
161 168 6
15 77 19
96 146 14
142 188 33
48 149 11
20 120 15
24 63 40
26 137 28
11 13 31
58 191 27
5 91 13
2 54 15
93 111 35
75 141 18
79 193 23
42 133 3
49 64 40
2 128 29
152 155 4
10 109 11
2 50 37
15 32 48
96 160 9
195 196 45
133 160 47
82 173 18
72 92 47
8 19 12
6 124 4
33 75 49
33 156 2
129 155 13
133 156 30
76 186 39
37 168 10
45 120 15
30 88 12
9 68 36
151 162 9
30 83 12
28 143 39
96 134 5
39 73 38
43 106 19
88 133 47
111 155 47
80 187 29
13 155 20
84 130 49
7 28 13
21 169 47
155 158 33
112 113 15
83 137 24
102 168 4
58 133 3
36 146 21
3 57 28
72 94 43
135 165 49
41 56 11
76 189 40
65 198 40
91 165 31
30 173 39
116 191 23
101 114 27
40 132 20
115 169 31
178 186 6
36 53 48
56 199 39
31 92 49
6 136 7
18 158 8
108 145 16
57 83 27
120 188 9
48 74 15
51 177 11
92 94 30
49 119 36
45 51 31
164 178 38
107 179 21
111 143 30
64 92 36
104 113 9
6 30 50
60 144 45
39 61 23
74 161 50
21 45 5
47 112 47
41 51 41
92 150 34
73 159 5
41 67 42
39 79 2
81 192 4
26 108 43
90 95 4
2 6 34
13 169 16
139 158 8
116 150 40
68 104 9
32 192 28
56 88 22
129 132 3
98 119 5
79 104 30
35 72 41
25 152 31
44 69 21
80 135 13
66 84 5
24 161 45
87 158 7
5 22 27
1 67 19
131 191 35
33 102 48
40 197 14
10 33 38
101 200 35
44 149 40
181 198 49
120 122 32
104 147 4
121 147 43
15 148 25
116 188 18
87 100 42
157 191 35
89 114 2
76 93 31
102 171 18
82 107 39
32 159 44
52 113 16
1 140 33
84 162 32
91 186 39
58 136 18
32 195 18
93 144 47
42 182 25
99 131 43
54 192 40
56 120 20
131 143 22
105 108 42
16 148 43
145 174 21
52 121 36
10 92 8
44 101 4
75 148 11
75 194 9
116 118 7
30 127 34
142 167 40
50 153 36
48 118 22
81 154 39
115 194 29
135 198 39
57 120 45
7 150 17
33 51 43
66 148 27
46 147 32
85 161 32
67 134 6
156 175 4
14 127 22
69 157 27
14 128 38
65 193 6
155 164 21
131 148 10
116 117 36
15 141 15
106 194 15
3 69 27
1 63 47
159 171 38
7 151 48
98 105 29
74 115 8
173 181 15
158 184 18
7 69 19
102 192 41
59 165 15
17 123 36
7 81 12
85 178 20
114 131 47
29 117 40
20 48 47
6 197 20
49 121 38
80 118 6
96 178 22
27 161 33
62 95 48
1 4 31
24 90 5
71 132 24
164 184 47
28 93 13
148 160 36
63 173 9
3 137 22
40 155 28
82 140 6
55 80 36
82 95 41
8 70 45
30 122 44
7 154 39
74 184 15
138 196 13
51 155 47
8 15 37
19 20 12
134 196 14
71 142 7
147 148 33
143 189 41
41 160 49
89 168 41
129 147 27
89 184 22
4 165 39
96 168 7
23 43 40
44 191 29
33 108 17
183 192 18
146 175 50
46 184 32
93 113 22
110 152 30
16 190 42
114 120 33
50 168 32
24 88 36
116 161 22
151 175 19
69 79 33
56 162 45
126 196 31
130 185 7
70 153 37
144 149 8
51 135 13
126 141 46
28 175 44
53 72 31
77 132 27
79 194 27
46 177 40
19 180 19
17 157 49
68 182 28
124 181 32
76 191 35
164 173 16
165 186 40
99 138 13
119 147 30
58 89 35
11 39 44
86 149 47
75 176 35
41 196 1
158 180 48
84 87 48
63 171 6
29 110 3
156 186 29
83 192 15
13 33 26
101 144 29
123 193 22
139 143 45
2 60 37
34 150 6
78 117 25
23 113 39
131 190 19
19 61 18
92 104 46
1 44 21
25 29 1
24 144 24
17 73 26
48 165 6
26 54 13
71 113 6
3 105 41
8 195 33
171 191 27
168 194 6
106 166 40
65 186 47
82 102 26
16 114 40
8 197 21
25 168 22
52 178 47
7 67 18
108 161 42
2 166 41
14 109 41
154 175 33
96 195 32
23 66 35
34 109 3
5 69 5
64 114 6
51 73 39
49 82 41
5 48 21
49 135 23
41 77 11
87 110 7
80 200 26
120 176 32
81 139 9
56 99 2
61 83 41
70 111 45
110 116 1
27 32 41
65 98 6
151 173 47
60 101 4
76 150 34
8 106 28
47 96 34
54 107 9
48 93 34
21 141 42
36 133 26
91 176 6
29 108 7
24 153 50
148 166 8
104 178 30
15 156 12
51 169 42
134 176 6
84 194 44
55 117 34
118 182 15
55 159 6
3 86 27
21 178 5
118 185 28
107 183 50
120 172 36
87 88 10
79 133 1
84 173 44
16 86 12
36 129 43
13 132 40
40 108 14
155 175 28
166 181 30
99 132 10
34 165 49
29 136 29
81 111 48
18 110 31
29 127 2
112 172 46
33 44 47
141 148 46
142 158 33
7 147 18
121 190 2
5 73 23
88 99 1
59 132 6
56 158 20
30 36 15
57 157 44
35 116 25
9 184 20
33 91 49
140 146 4
58 79 19
17 191 5
107 182 34
97 105 40
50 69 18
65 185 2
142 157 31
92 188 26
112 142 1
86 100 40
102 138 11
61 191 40
109 192 2
39 99 7
21 102 12
67 96 3
87 199 29
55 120 38
37 62 36
59 122 17
83 122 20
127 191 20
62 193 30
7 189 16
30 148 34
162 175 12
100 159 3
97 156 43
34 141 45
96 112 9
45 176 25
104 112 8
86 167 25
128 161 50
41 197 30
61 187 12
31 196 31
144 146 15
8 91 6
23 166 16
53 106 25
28 96 43
100 113 31
22 130 39
127 138 38
16 20 42
74 176 7
154 193 3
46 107 8
109 169 35
82 94 15
64 144 8
25 76 5
146 153 16
78 109 24
1 177 50
21 98 4
22 77 25
21 40 3
47 177 23
31 82 38
82 165 36
7 173 45
21 101 11
158 159 16
27 48 14
35 117 11
107 188 26
84 125 41
14 139 34
37 66 37
12 118 38
27 47 47
21 33 22
35 129 8
12 187 43
18 130 21
37 83 27
99 128 1
112 117 49
147 179 19
155 177 37
55 160 37
12 54 46
75 114 19
21 140 19
16 80 39
9 180 18
82 151 28
188 197 1
126 147 10
122 147 15
30 39 25
39 121 25
94 158 1
38 119 6
177 188 45
1 118 35
33 197 27
97 136 19
100 119 44
107 129 40
7 13 4
55 85 49
143 179 43
79 135 21
110 112 34
69 160 3
15 21 21
23 106 25
41 126 13
113 124 35
20 114 48
73 152 17
86 160 50
18 142 27
23 172 23
167 191 24
30 156 47
75 142 47
7 95 45
145 167 11
3 162 7
21 198 44
130 136 29
118 132 18
68 181 48
48 198 31
95 169 16
71 140 6
12 27 16
46 63 43
77 81 50
6 173 3
25 171 25
24 59 36
3 144 26
133 185 45
33 48 25
23 144 46
2 85 23
25 175 13
115 145 33
179 185 33
42 78 37
87 189 10
182 199 47
31 183 11
19 138 47
49 127 12
42 91 15
21 39 14
8 147 9
85 115 27
30 98 48
38 47 38
18 70 19
57 145 15
93 180 13
99 173 4
38 157 21
57 188 9
83 131 30
51 147 30
122 177 40
35 52 20
47 175 50
76 194 11
34 115 3
7 35 6
22 56 30
21 94 32
110 159 18
118 180 18
53 119 36
16 24 11
3 22 13
10 74 43
69 128 4
22 98 8
80 120 32
120 166 7
18 61 30
86 147 30
10 91 6
64 166 16
71 155 41
15 29 11
138 156 21
24 101 15
49 110 17
63 90 41
20 183 6
134 150 18
92 130 17
16 154 47
7 73 32
86 145 29
68 175 44
34 40 8
60 72 7
65 72 6
35 75 16
125 162 1
174 181 22
62 144 14
43 64 33
53 132 4
18 180 26
91 105 34
23 179 28
80 110 33
33 49 43
29 71 10
18 198 13
5 124 45
129 136 13
30 193 9
97 133 43
6 100 40
130 162 31
97 131 38
11 42 5
91 181 3
3 99 12
189 198 2
37 65 22
33 179 21
44 125 48
23 147 11
107 123 40
143 198 45
9 79 5
81 171 38
66 79 44
46 172 34
103 149 6
192 200 47
45 102 40
85 110 19
36 134 14
139 159 31
80 143 22
33 141 35
161 170 9
63 165 7
156 185 3
32 58 8
2 94 37
76 97 14
178 189 9
77 158 3
88 182 27
44 157 3
51 119 4
76 79 33
20 132 21
54 197 49
31 173 6
49 104 3
26 81 16
24 190 47
27 131 49
139 200 39
106 123 25
74 183 47
33 53 10
78 164 18
51 146 32
17 142 15
56 173 4
25 157 32
13 74 50
33 177 4
34 133 23
12 108 18
75 165 21
163 188 28
9 52 13
108 164 36
9 118 42
15 139 15
53 92 14
137 156 9
46 198 37
9 76 27
34 94 11
84 95 10
12 131 19
70 120 6
56 61 9
28 45 25
59 127 25
118 124 33
40 110 2
31 55 18
7 163 1
26 150 19
67 124 46
62 186 42
81 147 25
29 130 10
23 99 16
12 25 12
46 101 45
49 114 29
37 184 31
113 119 3
99 164 34
25 28 8
63 84 1
30 111 14
77 176 20
158 171 31
76 105 21
4 194 46
28 82 33
99 114 46
60 106 24
130 192 30
45 108 50
67 148 2
51 129 36
123 196 20
93 106 37
52 111 11
165 178 13
110 174 36
43 166 38
87 99 45
146 195 2
80 164 16
6 111 27
172 193 3
39 82 2
27 84 48
43 113 32
15 193 9
153 184 48
11 116 7
3 178 24
103 165 22
124 180 33
89 96 30
34 146 40
155 190 40
12 52 9
165 166 21
39 102 27
26 96 24
72 187 45
105 190 30
127 130 49
28 76 10
6 191 28
12 76 22
9 113 36
89 120 7
44 181 44
53 146 48
62 103 10
59 143 29
27 154 21
123 175 46
30 198 21
135 145 23
6 87 9
79 123 2
31 110 44
114 169 19
82 183 12
135 193 13
11 150 14
57 199 20
20 156 19
43 72 9
73 137 17
21 170 1
147 196 24
10 41 9
13 15 13
40 83 14
112 187 19
43 136 2
6 104 22
68 74 10
46 175 46
40 196 20
30 150 31
57 102 31
102 134 7
128 177 3
22 153 28
17 159 38
56 70 46
61 151 18
87 173 7
22 92 15
3 172 2
2 25 41
75 132 20
10 116 10
27 34 21
109 157 10
31 48 28
50 191 16
48 111 45
8 52 11
101 123 50
104 134 39
6 150 45
44 116 4
13 41 40
6 101 25
38 186 48
6 174 24
102 177 50
64 198 34
116 157 7
65 100 15
3 200 24
35 99 9
18 139 7
115 117 7
122 148 10
131 161 13
50 123 4
21 163 34
68 176 45
175 183 1
152 188 19
27 63 36
60 143 12
9 49 50
62 184 50
62 168 25
113 136 34
57 133 23
2 126 7
14 83 10
34 172 50
39 118 13
95 153 10
37 113 18
125 191 27
69 164 22
36 176 11
84 111 14
12 183 49
46 47 18
32 35 28
138 150 49
16 48 39
61 128 8
48 72 15
2 153 30
12 134 23
27 160 47
25 37 23
27 173 11
122 179 45
16 158 19
140 189 38
25 117 23
114 140 30
139 167 7
12 142 23
47 100 48
65 91 25
31 115 19
49 85 15
30 134 9
54 78 25
55 148 12
26 168 43
13 158 25
75 140 47
143 161 26
92 197 30
42 80 39
15 26 18
80 158 36
11 96 24
7 119 6
22 136 40
71 141 25
66 200 10
69 98 2
92 124 29
42 118 10
38 143 32
29 68 23
107 186 39
171 194 27
70 184 27
67 160 3
94 131 14
135 138 1
39 160 15
13 79 50
51 68 35
49 155 48
68 101 48
74 91 37
166 170 30
195 198 22
137 192 20
24 26 34
106 125 50
93 175 7
109 144 22
37 122 27
27 180 32
31 112 3
13 47 39
79 131 4
63 70 5
116 186 25
73 86 45
9 69 24
75 107 6
94 123 1
169 181 41
163 180 23
96 158 36
109 168 33
97 134 25
111 113 37
14 153 39
56 163 37
20 163 21
65 109 17
53 121 12
37 87 30
132 157 28
69 133 29
74 191 40
17 151 42
114 185 4
51 116 3
39 66 37
54 61 24
111 176 28
66 150 24
33 136 35
96 147 43
2 104 17
161 164 49
91 168 2
65 90 30
60 105 27
124 197 38
50 115 29
139 187 5
5 44 39
110 161 25
85 167 49
30 87 47
95 125 27
63 192 32
9 80 3
32 112 19
124 168 37
35 110 46
64 86 24
42 75 26
120 185 25
146 189 33
26 110 10
30 96 5
24 165 34
6 16 25
17 141 43
25 69 8
51 79 26
8 38 32
77 171 12
62 86 15
75 133 33
69 148 30
42 175 18
157 178 30
38 91 11
97 114 41
151 190 47
68 86 30
13 91 28
22 69 47
60 107 17
126 133 9
87 193 20
60 113 36
135 194 26
24 55 39
65 106 9
48 51 41
13 58 24
2 3 33
8 14 5
58 181 36
82 198 35
59 170 30
84 152 49
82 180 2
12 64 45
7 11 46
18 116 14
70 125 14
25 108 10
116 139 38
39 91 16
85 118 30
56 116 14
47 66 23
121 183 50
95 176 20
94 178 38
80 81 18
38 85 8
88 93 13
53 184 19
61 66 46
86 95 19
102 122 19
16 89 46
2 122 6
114 146 17
9 90 22
22 57 18
55 194 22
2 103 39
173 177 21
4 17 31
68 140 7
18 176 12
81 155 16
100 136 38
89 182 14
33 121 22
37 95 36
12 15 47
10 177 5
94 100 17
112 129 26
22 27 5
38 131 40
33 56 1
6 18 37
108 186 34
55 122 39
50 71 8
152 179 36
30 58 31
52 155 10
11 38 24
14 16 49
12 38 42
67 187 43
77 80 3
95 164 33
83 152 5
21 92 21
27 105 23
7 8 43
76 121 29
28 86 6
44 141 40
23 40 40
63 141 16
73 142 16
69 106 34
47 159 50
106 133 28
113 147 1
47 184 49
44 109 38
103 156 47
112 189 31
92 111 39
7 125 2
149 158 2
39 189 3
70 123 41
93 199 39
63 96 40
79 143 17
44 145 41
46 151 38
7 166 17
10 176 39
134 146 36
55 169 35
68 174 28
168 173 21
94 140 34
75 76 34
105 197 22
75 172 2
48 195 10
106 186 19
142 169 10
70 146 47
34 96 24
91 138 5
12 30 37
95 132 10
79 120 24
89 167 5
37 108 25
62 75 9
151 164 7
98 197 48
29 48 43
32 113 48
2 97 9
116 123 22
119 148 11
189 192 25
22 145 1
63 106 26
63 149 8
19 68 16
87 197 44
79 174 20
174 196 50
31 128 24
41 175 40
18 124 50
11 98 35
161 166 3
68 195 45
46 70 12
63 69 42
48 173 6
132 158 18
144 179 48
196 197 48
32 161 41
44 124 34
7 45 26
49 199 17
15 157 12
60 70 35
26 119 27
15 122 19
94 191 22
104 187 5
93 200 50
110 123 24
131 181 3
93 124 25
170 177 36
63 142 43
32 76 8
26 187 10
114 135 39
37 49 38
84 137 14
26 152 26
2 62 20
36 41 42
3 197 34
29 167 45
117 157 36
28 70 14
162 182 44
126 185 43
11 114 9
108 127 9
4 107 30
96 191 24
83 99 8
2 32 32
34 73 12
24 156 35
35 126 42
30 51 16
130 170 16
3 95 24
19 167 45
21 181 35
45 151 2
93 163 33
29 66 32
62 172 44
21 100 46
10 107 19
86 196 46
31 54 37
35 71 43
54 112 23
60 77 25
37 197 25
140 174 12
29 168 44
24 76 40
10 193 6
124 161 15
108 195 35
116 162 21
30 172 14
38 190 39
52 82 19
77 88 1
32 168 31
44 47 3
94 95 14
174 184 23
101 191 35
154 192 34
79 115 32
157 160 46
60 150 48
97 173 46
20 39 49
65 177 46
111 152 35
121 184 8
12 101 4
45 97 38
50 182 32
47 97 48
32 50 23
123 161 21
49 174 13
57 134 41
27 176 50
15 102 45
90 115 5
178 197 1
141 191 30
144 160 5
55 119 39
62 130 17
141 172 18
54 96 17
89 143 34
129 162 16
60 86 10
21 49 19
58 118 18
135 174 36
10 189 43
82 176 13
112 188 12
25 115 39
63 191 27
36 122 44
20 105 45
1 174 44
43 112 20
74 199 31
110 166 33
58 114 4
15 128 44
133 188 31
151 180 17
97 182 38
21 154 26
132 169 49
162 180 18
41 127 1
33 172 30
91 137 10
71 80 49
12 85 14
36 96 38
128 192 33
4 134 16
155 193 11
178 182 35
55 189 43
144 180 8
22 141 5
63 178 32
23 56 40
121 175 18
47 156 26
163 183 29
90 151 35
61 103 48
1 144 50
125 129 46
88 152 7
63 95 26
32 77 38
7 33 22
81 108 49
149 163 21
143 150 2
5 32 48
80 181 23
134 170 2
30 144 47
173 183 37
59 113 24
96 122 30
60 154 31
22 151 34
17 174 24
73 120 21
11 19 13
71 152 19
30 108 19
120 156 42
115 122 43
43 154 20
21 85 11
93 135 36
94 152 50
60 178 16
45 76 47
80 144 34
25 72 14
19 25 26
20 43 10
99 136 50
98 159 32
100 144 3
6 198 15
31 117 15
4 125 50
17 27 13
31 130 4
46 106 30
158 167 41
43 119 31
52 149 42
35 60 6
109 162 19
109 114 32
136 160 35
79 154 2
88 137 29
32 99 28
82 119 14
114 192 31
65 145 16
28 118 40
25 170 44
179 191 25
123 177 50
164 194 45
81 189 47
36 38 36
148 180 47
1 109 30
57 123 33
30 102 38
85 187 5
4 73 37
124 152 8
25 194 20
51 159 48
82 172 12
118 158 14
56 66 7
96 189 8
30 181 48
76 134 46
124 198 42
60 95 39
155 183 30
156 164 6
28 80 37
144 195 10
31 111 15
21 37 9
113 181 48
108 193 13
22 120 24
14 181 5
32 38 48
50 75 50
37 172 23
46 144 14
19 178 42
8 124 42
26 104 31
50 175 39
27 68 9
18 29 4
127 160 34
139 198 14
127 133 34
81 138 35
56 192 49
2 142 7
8 123 34
90 199 8
27 69 29
23 89 44
45 136 41
40 163 41
8 21 45
15 125 8
40 92 41
103 181 20
40 79 40
25 81 39
51 69 42
156 168 9
163 190 16
47 169 48
8 43 22
85 120 24
64 103 5
126 131 26
26 161 28
70 75 47
90 161 18
73 119 27
63 129 16
161 165 14
165 176 25
46 53 47
11 86 47
41 123 33
54 179 36
20 151 25
106 180 41
16 117 33
128 200 46
68 84 22
51 52 8
26 106 19
29 47 34
78 104 42
91 149 6
11 15 20
45 177 33
48 107 30
134 168 3
98 160 13
16 172 27
14 95 50
63 147 11
86 174 24
139 160 3
21 114 19
182 197 33
99 156 42
86 194 41
52 118 50
38 130 34
139 192 34
60 103 29
71 180 23
92 108 12
89 157 23
8 161 6
64 170 5
106 167 10
29 111 27
119 155 12
13 174 11
26 138 18
86 119 48
23 98 18
53 182 40
89 170 11
14 26 10
55 182 14
51 115 33
39 117 35
70 188 23
65 86 17
11 109 28
131 170 8
39 186 11
72 173 16
100 150 29
105 184 42
32 143 17
19 49 39
95 161 22
36 58 1
138 182 2
2 119 46
67 76 35
45 188 37
70 102 9
55 87 49
73 76 4
36 168 29
18 95 44
8 34 30
91 109 29
21 142 33
11 168 33
72 109 33
155 159 42
9 195 2
12 40 45
77 148 29
89 180 46
53 129 36
29 175 2
87 152 35
86 168 34
86 137 38
60 146 8
147 154 30
9 75 18
53 169 16
50 138 41
32 95 39
9 172 19
30 191 49
50 76 17
94 192 44
102 182 13
44 197 41
101 112 36
8 121 36
75 124 2
33 58 34
50 126 48
73 172 25
123 166 31
91 187 41
69 197 50
52 58 16
54 158 39
69 182 6
147 160 29
67 196 9
111 123 44
51 181 26
33 72 6
32 166 40
3 189 16
5 46 26
187 188 50
21 148 40
19 136 4
59 114 23
6 24 43
10 44 41
126 159 26
14 73 19
30 115 43
66 139 45
88 105 38
129 197 36
28 197 49
3 48 22
148 182 30
79 189 22
65 167 40
8 172 46
30 69 18
188 189 41
27 186 9
74 179 3
45 129 42
29 197 26
36 160 38
44 164 43
60 100 49
18 72 7
45 145 10
88 131 29
64 128 11
81 94 33
54 102 9
1 58 33
75 170 27
9 136 4
23 81 33
100 194 19
179 189 3
108 132 19
53 117 18
119 126 25
110 200 20
2 30 34
38 106 4
67 156 19
76 171 27
82 157 27
43 79 12
147 153 28
60 92 27
105 199 38
24 74 39
3 152 24
21 146 17
27 159 18
66 181 25
99 100 8
22 135 20
140 187 29
138 195 32
160 165 7
10 186 25
79 108 28
48 144 36
91 182 19
90 159 32
99 171 26
40 148 3
138 172 3
16 183 8
23 191 17
17 148 6
69 132 45
50 81 20
77 137 3
128 175 5
89 193 33
141 145 4
67 86 44
142 159 37
3 184 10
55 127 33
53 76 21
159 172 40
20 42 9
92 156 23
151 166 29
100 107 6
21 76 17
84 97 36
77 199 19
58 97 18
35 56 37
3 169 6
8 182 28
116 137 20
80 192 47
12 33 45
13 185 4
83 167 30
9 58 19
46 115 10
46 116 9
1 120 25
4 177 14
51 195 40
87 159 44
40 129 49
29 170 25
99 147 50
4 74 14
6 23 9
37 141 13
44 86 33
16 111 24
45 126 46
161 173 47
32 83 18
156 172 45
21 91 24
16 104 15
151 194 35
101 134 23
95 179 3
172 177 13
97 151 11
25 134 18
9 132 19
101 151 30
53 118 42
11 93 5
92 175 21
117 127 13
75 127 35
115 119 38
123 151 50
10 182 15
15 25 42
52 145 40
59 118 25
166 167 29
143 175 36
153 189 33
38 55 24
69 141 11
133 152 46
25 180 2
30 166 5
120 170 24
75 163 44
39 188 33
64 176 13
58 116 16
178 180 12
126 156 49
130 183 8
146 160 50
98 144 32
40 48 21
48 58 9
125 200 37
140 164 2
3 21 20
80 95 11
34 81 49
65 101 11
57 103 9
67 101 24
114 142 44
61 136 3
149 167 13
88 132 6
19 72 2
122 123 45
72 82 9
89 175 28
23 105 17
189 197 42
79 83 20
1 37 4
65 154 42
39 176 6
121 151 26
26 47 4
23 60 15
68 154 17
37 158 6
64 145 22
132 161 48
43 76 15
9 39 50
120 157 6
47 168 41
115 171 50
184 194 20
6 183 18
78 165 33
34 52 42
152 166 40
39 50 45
50 116 4
30 174 34
62 139 19
106 175 38
2 10 7
9 112 16
78 171 38
4 25 27
146 162 35
132 195 2
53 152 18
16 138 15
18 121 3
78 126 47
4 66 35
42 114 40
47 149 44
12 81 24
5 85 42
21 88 11
56 165 20
75 166 19
125 151 21
96 109 21
2 107 42
149 175 17
115 183 8
100 128 11
15 98 3
1 21 9
56 170 30
19 32 45
143 155 2
11 179 23
84 175 2
126 158 6
62 123 50
128 182 12
36 112 10
39 162 43
39 168 18
27 28 44
22 87 10
89 110 35
70 133 10
72 78 40
47 181 15
88 148 46
45 155 41
25 197 35
54 57 12
27 141 7
121 156 5
68 168 20
94 122 19
144 192 34
18 133 47
54 111 8
94 138 44
25 118 37
56 123 30
156 169 32
9 86 1
84 119 25
8 59 23
31 125 34
135 151 42
153 181 30
81 137 23
88 129 44
34 65 34
51 83 31
67 75 11
116 142 31
15 75 6
128 133 47
27 88 17
63 198 30
51 168 18
28 95 30
56 125 12
106 192 18
12 163 14
177 183 35
41 48 37
106 199 35
131 199 44
53 70 13
5 83 3
51 191 45
13 159 40
21 69 11
3 53 33
95 181 28
37 139 38
110 171 38
135 183 15
72 154 26
2 83 50
13 141 30
65 108 1
29 90 5
50 171 3
20 73 14
152 161 42
4 24 39
62 96 27
89 189 50
18 151 15
34 107 33
53 88 49
128 155 47
78 184 7
81 153 48
128 129 36
71 124 2
51 55 13
11 14 16
32 179 39
108 165 19
83 123 19
2 144 21
56 166 37
62 199 16
144 178 13
7 170 45
67 68 21
61 152 28
111 146 34
26 91 46
77 140 39
81 112 29
51 54 1
126 188 21
163 167 5
3 164 15
68 106 5
57 175 10
62 119 41
19 120 50
75 80 9
73 168 11
18 89 38
158 169 15
53 181 19
145 163 18
14 195 33
115 141 8
90 172 17
95 197 7
67 182 41
20 67 5
62 121 3
12 78 39
11 44 49
37 78 45
153 191 9
31 174 28
145 173 32
4 151 50
31 160 24
86 171 42
29 134 31
100 164 3
41 187 21
50 114 30
75 137 25
15 158 31
91 158 9
32 51 6
120 152 19
103 163 4
65 165 24
66 91 42
21 119 16
8 86 6
91 167 20
32 41 44
143 149 43
117 190 14
85 194 38
70 147 25
40 85 5
83 168 42
153 188 24
60 114 1
56 98 28
110 160 38
91 133 15
67 181 43
37 84 43
179 192 9
69 167 16
138 192 38
122 139 5
26 89 10
126 197 4
105 181 4
40 131 29
92 125 30
9 190 31
40 165 10
52 143 43
91 197 29
16 128 39
74 155 18
95 183 40
77 79 12
143 186 16
84 159 47
148 162 17
27 61 38
66 113 28
75 86 50
121 158 3
3 181 46
105 172 8
99 137 32
94 136 29
29 183 5
59 99 10
24 157 16
53 120 44
33 174 34
49 65 30
101 140 27
80 196 42
28 139 1
7 135 2
151 198 48
93 105 30
5 103 49
72 119 40
7 99 11
131 162 35
85 160 13
35 83 26
78 200 5
15 153 12
66 180 43
29 74 20
91 157 40
72 106 42
8 37 8
31 74 7
149 199 2
149 189 1
9 155 45
130 144 18
131 200 35
17 126 3
135 157 19
14 149 10
26 40 2
145 187 33
23 52 13
23 54 12
76 180 33
32 115 20
65 128 34
127 171 9
24 169 3
70 134 36
2 155 47
7 168 41
60 160 12
38 51 26
77 86 39
109 156 47
117 120 33
9 62 24
48 179 23
2 56 33
89 140 34
119 145 47
36 118 33
63 71 4
66 104 26
29 187 41
146 171 43
29 77 32
114 123 47
93 121 37
147 180 47
14 66 2
126 164 17
12 199 23
129 163 8
94 148 27
187 192 21
64 177 6
79 158 20
69 124 30
65 104 44
57 85 44
110 141 5
12 41 36
55 193 2
59 73 38
29 157 1
50 128 43
12 169 3
18 171 33
84 110 30
14 116 7
2 19 40
168 171 13
164 166 43
23 119 27
23 130 16
10 13 19
79 190 11
77 168 24
50 73 17
95 194 10
39 146 44
34 164 1
6 95 23
18 178 26
24 27 50
5 71 34
128 147 43
85 95 32
110 164 29
60 155 11
68 142 43
126 195 19
136 142 43
119 176 35
81 198 28
160 187 49
112 137 33
48 81 42
16 196 32
52 189 18
6 135 6
187 199 42
61 94 13
37 154 9
32 64 3
22 140 4
35 64 46
169 196 26
118 195 9
151 158 14
76 169 9
3 10 1
31 127 21
23 90 42
94 194 14
122 127 36
72 155 15
34 129 35
39 81 30
70 142 44
38 81 13
87 196 13
3 145 17
53 116 33
20 32 44
119 135 16
150 188 4
40 71 16
120 125 49
43 51 12
110 168 6
167 180 28
47 75 32
118 165 1
73 122 17
138 153 38
135 197 33
64 97 40
37 97 36
107 110 27
92 115 48
117 178 40
120 132 18
3 123 30
49 107 49
38 188 17
53 133 42
55 90 16
29 139 14
101 136 34
148 164 19
20 30 41
123 185 17
103 160 31
14 138 14
20 58 35
142 164 41
104 154 25
51 80 32
100 151 34
75 90 46
7 100 30
49 148 8
62 151 7
37 137 38
34 180 12
11 104 8
33 168 35
51 174 49
5 79 33
22 101 30
91 136 1
20 189 38
78 113 35
117 137 48
34 87 30
134 169 19
103 164 32
102 159 4
111 122 42
9 95 34
112 149 42
29 65 46
29 55 42
162 179 36
22 179 6
22 40 22
50 106 9
53 185 16
10 77 10
21 161 6
42 152 46
130 193 9
52 187 1
46 95 28
48 71 15
149 176 32
6 114 37
164 176 45
37 117 5
63 114 3
143 144 20
17 59 47
103 120 31
65 136 33
3 131 24
14 196 37
21 43 6
88 160 13
136 179 34
169 192 34
105 150 1
27 117 24
81 92 40
119 151 43
137 139 31
59 153 32
18 138 24
111 193 12
61 174 45
45 56 36
74 158 3
69 165 1
84 170 12
