100 2475 25
56 86 20
7 86 6
11 66 2
11 20 12
75 80 8
35 83 4
16 37 10
29 64 10
48 72 21
23 67 16
5 36 8
2 43 23
28 37 20
78 96 5
19 41 22
54 86 6
30 94 23
1 22 15
50 95 2
70 78 9
5 62 8
7 93 18
61 84 3
12 23 10
21 77 7
5 95 16
10 32 9
14 75 12
17 35 6
34 92 3
40 70 24
6 67 3
20 93 25
26 32 6
30 32 16
47 94 20
26 46 4
40 84 19
7 100 16
23 69 24
78 83 24
23 71 23
25 81 19
6 31 11
67 95 15
2 37 15
9 28 3
17 52 22
26 90 25
3 22 13
55 98 14
77 94 10
30 36 14
36 48 21
92 100 10
36 50 10
78 80 20
20 70 18
24 33 7
51 88 11
29 42 18
22 76 9
10 14 1
41 59 3
84 93 7
31 89 3
43 77 14
42 74 24
19 40 5
41 63 7
53 86 25
78 89 25
36 88 16
3 43 17
5 31 14
43 83 22
40 94 16
66 81 22
16 75 6
89 99 9
23 25 24
29 62 16
78 100 8
7 79 14
12 36 4
80 89 22
18 52 9
16 80 19
5 14 7
43 50 7
24 39 20
59 68 17
9 59 3
19 44 15
46 88 7
25 74 16
81 89 4
36 80 14
44 77 17
40 72 1
17 100 18
15 26 22
64 77 11
13 57 13
27 37 8
49 72 14
4 52 6
33 52 7
33 51 21
37 74 14
17 91 1
46 85 10
9 71 21
54 65 10
50 75 13
31 99 1
51 69 6
65 73 14
26 72 1
2 28 7
44 48 24
48 83 19
43 56 6
7 70 3
19 59 16
42 50 16
50 53 20
10 97 7
38 85 13
28 85 10
17 46 22
86 94 25
26 75 22
23 61 12
35 49 1
83 99 15
33 96 15
69 95 15
19 99 24
75 94 23
97 98 21
2 30 1
30 86 6
10 15 17
20 80 11
20 67 7
60 74 15
12 26 3
54 59 8
7 64 9
66 94 25
1 15 12
1 64 5
7 84 19
12 40 10
11 61 19
34 77 6
2 12 22
15 35 2
8 18 24
13 64 18
28 33 5
21 45 16
40 46 15
48 54 19
56 94 7
42 60 24
51 56 15
54 66 11
67 94 7
80 84 22
77 88 24
26 38 4
49 56 20
77 97 7
17 32 6
8 77 14
53 72 6
3 88 21
58 86 14
20 21 24
14 30 9
53 87 2
94 98 16
52 84 16
6 78 3
10 20 21
22 55 22
2 9 25
5 33 25
76 82 1
6 68 24
16 48 15
70 77 16
18 95 15
53 75 14
46 54 2
34 97 20
35 46 16
86 90 20
22 56 17
19 68 23
5 44 13
71 89 14
78 86 14
89 91 9
48 89 5
8 27 3
42 98 5
46 90 9
7 31 6
32 99 1
29 48 2
77 90 22
23 74 7
19 24 22
16 21 7
84 89 6
27 44 15
18 77 13
58 91 1
65 77 10
2 54 17
52 60 7
38 78 6
9 15 9
7 88 15
6 89 1
61 94 18
5 30 4
83 86 8
22 95 22
22 63 13
70 86 1
93 95 5
81 96 21
4 44 24
52 64 11
76 93 23
3 32 3
68 84 18
40 48 18
10 82 9
42 61 12
28 48 12
26 52 4
12 17 5
39 50 17
43 91 13
29 67 18
53 79 19
36 55 6
70 97 24
72 98 16
32 41 14
27 49 1
29 39 25
51 54 19
5 6 22
25 41 4
21 91 11
25 93 13
28 82 16
11 71 25
44 95 5
48 70 21
47 65 13
17 19 12
48 86 20
21 61 23
10 35 3
80 86 7
25 90 14
20 91 12
54 95 11
23 93 15
35 41 8
1 71 6
17 60 12
83 90 13
19 58 23
23 42 10
13 91 21
56 64 25
21 71 23
19 85 8
2 69 8
13 61 11
14 91 9
13 100 13
30 76 3
54 71 9
6 81 16
73 92 12
44 89 14
18 74 10
18 75 20
10 71 5
16 84 21
39 60 10
59 64 10
69 81 22
74 98 2
2 72 8
29 80 6
5 92 15
38 60 14
29 31 14
10 44 23
11 38 15
16 66 10
51 70 22
22 26 9
69 72 15
71 72 25
3 66 2
30 96 12
28 30 2
34 76 8
7 59 21
64 73 12
37 100 2
66 93 1
13 90 25
21 74 17
7 95 14
15 61 7
56 95 17
16 30 18
18 26 17
9 98 16
35 95 7
51 58 19
3 56 17
62 95 6
34 100 5
10 64 5
10 89 10
12 51 15
38 63 24
2 80 16
4 56 16
19 31 4
14 40 3
52 58 11
54 70 18
7 49 21
34 50 20
3 96 9
29 50 9
55 92 13
89 100 16
24 48 6
11 96 19
69 85 15
63 69 10
68 88 19
25 80 18
70 85 15
36 82 18
16 26 17
14 27 9
73 86 8
20 56 4
24 78 22
27 69 4
51 55 9
60 80 20
41 83 2
7 38 5
46 96 13
39 97 15
34 45 25
33 65 10
31 55 10
20 55 17
68 89 10
41 98 24
23 36 3
88 90 8
11 47 14
36 42 25
36 87 20
14 25 10
31 56 9
59 96 13
12 13 3
31 37 7
45 61 12
87 92 8
29 33 22
47 80 11
56 60 15
20 64 2
21 87 22
46 68 1
46 70 17
59 97 22
3 77 7
2 84 6
61 76 10
57 71 23
30 63 23
1 94 4
14 39 9
41 90 1
52 63 22
3 78 10
88 97 25
43 81 4
41 78 25
32 48 10
16 74 2
8 36 15
74 99 8
79 84 10
72 78 10
76 80 8
48 74 4
30 93 5
30 57 23
11 49 7
2 6 17
41 52 9
30 53 21
96 100 6
65 82 9
27 57 22
25 50 22
54 63 18
24 55 14
36 37 13
74 87 12
47 74 18
19 93 15
8 35 24
76 91 23
9 85 17
75 99 9
22 36 22
42 94 9
3 92 19
51 74 2
32 73 15
85 100 2
45 48 3
10 81 6
57 62 2
29 34 18
37 82 10
2 88 7
54 77 19
5 35 17
28 32 20
35 52 10
3 39 2
19 48 17
59 87 9
67 82 1
14 88 12
82 89 17
60 99 1
18 22 20
50 68 6
32 100 19
61 68 3
82 95 6
75 87 5
38 80 3
83 89 1
52 76 2
25 34 13
62 70 9
40 73 10
50 90 10
31 58 24
9 100 19
40 50 10
3 98 21
24 57 23
37 61 10
52 80 16
57 72 20
80 94 21
46 61 5
18 35 21
35 74 2
16 19 17
40 95 15
65 67 13
24 58 13
45 63 15
31 98 11
16 55 25
67 96 14
3 67 23
28 70 1
32 63 17
26 89 6
29 66 11
65 98 9
17 21 19
7 61 2
64 74 22
63 86 23
57 76 9
42 78 2
8 28 21
16 22 17
10 73 4
33 79 8
42 87 5
93 97 8
66 68 9
7 96 22
29 92 23
68 75 2
44 88 14
49 74 1
13 80 6
6 22 11
12 86 13
2 47 3
15 95 21
32 71 24
54 90 6
17 84 8
53 70 21
24 76 5
30 61 22
12 35 9
29 56 25
20 37 4
76 92 20
47 100 11
63 96 12
30 54 19
47 89 1
30 88 5
20 69 16
5 47 13
86 96 3
22 44 4
18 62 14
18 37 25
17 18 3
8 76 23
39 54 25
16 44 22
29 70 8
70 90 20
41 54 4
61 98 18
25 73 19
34 67 14
37 98 20
23 30 4
32 57 18
58 85 1
13 51 22
6 83 3
40 64 1
88 96 2
4 79 7
31 97 11
12 43 14
35 39 16
27 39 25
62 76 1
44 90 20
26 69 9
9 52 6
34 95 2
57 83 12
31 43 10
59 100 14
60 77 19
24 92 18
58 93 18
5 34 4
24 49 2
16 94 4
39 57 24
35 64 5
33 68 7
13 82 23
12 25 21
25 42 23
75 93 4
9 76 22
24 63 9
12 94 3
8 56 16
17 68 16
22 43 11
48 99 10
13 99 16
8 23 18
30 31 25
6 95 2
76 99 25
28 90 8
21 37 13
31 49 19
11 54 9
49 57 17
19 86 13
41 61 23
41 73 22
63 97 12
52 86 10
8 78 5
30 91 10
59 85 13
22 25 22
60 71 9
69 89 20
29 81 11
15 97 1
20 90 3
58 96 18
92 97 2
3 64 4
29 88 22
14 60 9
8 74 8
64 90 18
44 80 5
44 73 4
22 83 1
55 95 14
33 69 22
2 19 17
32 60 22
71 76 18
13 26 19
42 70 24
3 58 17
2 70 12
13 72 11
6 29 18
15 92 5
12 69 4
10 22 3
33 38 11
56 91 13
40 91 25
12 87 22
19 57 18
62 90 11
8 64 10
56 81 21
23 57 9
19 29 4
13 89 15
29 40 18
15 41 21
91 94 4
29 93 16
15 87 16
46 58 8
13 38 21
10 88 5
45 58 15
55 63 12
24 43 12
4 70 25
24 91 9
49 85 14
3 81 21
8 40 15
49 51 8
41 97 18
32 98 10
21 42 15
14 29 17
55 77 19
52 94 14
1 26 16
48 58 8
2 13 19
54 67 5
8 71 4
12 21 2
18 65 17
14 42 15
20 38 25
28 45 9
61 81 1
52 100 2
50 84 23
1 21 16
21 38 12
37 57 1
5 94 6
35 61 8
89 92 1
5 83 2
7 60 13
2 15 15
32 81 3
1 34 24
1 2 10
31 76 22
54 79 10
40 87 12
10 39 14
27 89 2
81 92 16
5 60 2
35 68 23
36 100 16
12 52 25
3 12 9
54 62 3
85 86 7
44 74 8
11 70 3
90 91 15
71 100 14
34 75 21
67 83 23
52 98 13
61 77 21
12 84 3
18 99 8
31 91 14
12 31 4
30 46 5
34 35 17
70 76 13
5 90 19
33 53 16
1 55 9
61 63 3
25 56 12
59 76 2
4 62 17
1 19 24
43 74 24
39 65 15
20 58 9
17 50 13
83 96 13
73 93 12
33 41 7
15 70 4
3 90 10
27 87 16
35 60 8
20 45 15
26 41 2
7 89 7
50 51 24
33 57 18
73 97 24
72 95 11
14 46 19
31 70 14
24 45 12
62 64 19
50 92 13
61 79 20
49 95 25
29 54 4
13 33 24
17 54 18
26 66 11
6 77 4
79 97 6
28 76 22
48 66 4
28 79 13
1 17 5
9 21 25
9 37 21
46 69 18
10 56 1
19 67 7
39 52 9
42 63 2
26 45 4
27 78 14
57 86 7
28 73 8
5 69 21
11 21 1
40 53 18
50 56 11
13 16 22
50 54 9
30 42 23
29 59 4
76 94 4
64 100 21
46 81 12
49 63 18
22 32 17
11 64 17
32 85 7
52 87 5
41 53 16
9 51 19
29 36 19
56 72 15
17 31 12
20 62 22
36 43 25
6 8 22
15 73 16
18 67 19
31 63 14
53 54 6
35 97 25
35 73 1
12 78 24
2 89 11
8 90 24
64 98 6
44 75 25
30 69 5
33 58 21
45 50 10
8 79 13
83 97 25
6 65 6
4 35 5
12 80 4
41 48 7
34 39 2
24 87 1
74 80 20
20 54 11
69 98 18
25 89 21
44 93 24
12 92 12
16 73 16
37 80 12
2 45 9
83 95 22
88 92 7
21 33 16
54 87 7
16 98 18
25 51 22
49 64 23
2 39 13
25 26 7
37 53 8
1 86 17
1 13 10
7 69 14
24 89 1
41 85 7
61 91 23
53 59 13
29 60 20
95 99 25
10 76 24
18 91 23
89 97 9
9 78 6
46 49 21
23 27 25
3 52 11
77 92 10
77 86 12
26 42 25
53 71 17
5 59 20
19 88 5
21 64 4
44 69 4
21 86 2
54 73 19
6 85 21
51 92 24
25 60 17
23 32 24
59 99 20
51 77 2
75 85 5
7 77 20
79 89 23
45 62 6
56 84 7
12 98 10
17 71 8
15 37 10
81 85 7
22 50 23
17 40 15
35 43 22
92 96 25
13 71 23
10 27 21
5 87 17
19 97 18
33 90 18
48 50 23
19 66 23
15 69 8
33 59 16
20 75 9
85 97 2
72 84 17
34 83 18
7 43 7
53 57 6
8 66 17
3 71 3
6 41 16
5 76 9
48 79 6
16 92 2
25 62 10
69 82 18
27 28 12
24 25 12
15 49 11
25 55 6
34 63 17
90 95 2
46 95 25
12 68 9
22 29 14
51 59 23
38 94 4
34 79 20
43 57 19
33 82 15
16 81 3
12 63 4
18 29 17
4 58 20
81 95 16
46 99 24
49 62 25
69 96 25
68 100 12
11 24 8
32 44 3
58 81 2
46 51 20
23 45 12
23 94 19
50 77 8
22 80 10
76 77 21
21 75 11
38 73 20
2 18 8
24 35 10
23 54 20
7 72 10
19 87 14
41 44 10
31 92 13
65 74 8
19 73 2
70 96 21
63 87 25
14 80 6
65 91 4
13 96 12
71 79 17
40 79 5
5 46 22
11 48 12
87 95 5
71 90 6
22 59 24
11 15 3
47 99 13
2 95 11
8 45 9
40 76 5
63 82 16
3 31 10
32 91 13
21 23 5
76 89 7
67 92 16
15 20 2
50 81 6
27 98 6
11 25 8
51 52 6
4 66 8
24 27 13
32 79 4
11 42 16
36 86 5
2 63 8
13 79 14
63 91 22
28 80 16
37 99 23
74 86 14
30 71 9
58 74 7
11 89 17
3 53 7
16 88 25
72 89 11
72 77 14
9 54 10
35 55 22
11 67 21
31 82 13
9 80 10
49 82 25
39 77 1
34 82 23
15 77 22
23 59 2
30 77 16
14 79 4
48 81 6
63 99 12
67 97 20
20 51 5
22 37 2
18 97 24
62 84 3
31 52 11
56 98 24
5 85 5
31 78 11
26 60 3
27 30 7
31 45 10
27 88 21
49 71 19
11 52 12
42 82 21
12 37 6
82 98 5
43 55 5
9 58 20
30 64 11
4 57 25
35 71 10
49 59 13
65 92 18
36 41 5
53 96 14
16 91 23
29 76 14
46 73 15
34 93 8
23 76 14
20 34 19
39 85 17
56 96 23
28 95 14
40 80 5
1 75 25
3 19 14
9 20 11
4 49 18
5 7 4
15 21 15
21 81 16
10 17 12
36 65 17
39 40 20
1 69 20
19 74 2
98 99 21
61 74 15
8 47 10
1 51 7
22 79 5
59 73 19
75 76 3
32 54 7
17 65 18
40 82 1
18 40 15
20 43 6
44 100 13
44 66 16
19 26 8
17 86 8
3 46 14
31 88 5
25 92 1
1 11 13
6 62 6
25 47 4
1 96 25
34 53 4
6 98 13
23 78 19
17 42 11
26 68 4
66 72 8
2 32 22
37 93 19
53 90 4
4 87 17
33 73 5
36 39 19
23 47 15
5 26 24
40 41 5
31 57 21
36 71 5
15 94 16
20 32 6
13 44 25
19 60 8
47 77 14
27 47 24
32 89 14
9 68 13
88 98 4
2 24 12
99 100 4
25 76 4
12 82 23
28 68 22
13 22 3
19 79 17
20 28 17
74 77 20
23 84 11
48 93 2
5 43 25
60 96 14
10 96 15
32 56 2
11 45 6
21 43 20
32 50 2
87 89 23
30 40 22
51 85 18
21 66 3
23 77 3
30 47 25
66 86 22
2 74 3
72 74 13
16 45 13
21 57 16
59 81 23
11 56 20
41 76 16
45 76 21
65 76 7
63 77 23
20 61 8
15 89 24
37 51 5
76 78 19
38 86 18
70 99 13
30 48 20
59 77 22
7 91 22
3 27 9
44 72 18
6 53 23
15 79 18
7 65 16
35 53 6
80 99 25
32 87 15
18 71 14
32 36 13
53 99 17
51 83 8
18 94 25
43 68 14
42 75 2
69 80 24
22 99 16
60 65 22
38 40 14
6 100 2
49 77 18
10 25 4
40 60 17
28 66 21
14 89 10
24 66 15
46 59 5
23 99 20
42 64 19
20 71 3
23 33 5
21 41 12
20 50 16
86 89 23
5 9 11
69 86 11
44 87 16
60 100 9
51 60 12
88 93 1
29 35 22
28 49 10
7 51 22
17 22 23
43 61 9
14 20 9
81 91 24
32 34 17
26 49 9
30 50 10
17 43 9
16 33 9
53 94 18
15 68 15
41 100 20
57 74 22
3 23 1
23 58 15
19 77 24
45 57 21
38 61 12
41 69 19
43 63 17
12 67 4
58 90 12
34 65 16
40 86 13
7 41 22
30 62 22
74 91 10
11 86 15
55 69 4
9 18 11
24 84 9
19 22 22
63 88 8
8 52 25
73 87 7
46 91 5
26 86 9
10 52 21
33 77 11
57 98 15
3 68 10
2 36 7
84 91 19
21 70 4
51 76 16
20 72 6
33 47 22
17 61 1
27 46 24
73 77 21
40 65 24
49 100 12
55 96 18
12 93 24
58 71 23
31 38 14
21 52 25
9 70 2
28 53 12
2 4 25
17 24 24
51 84 24
32 69 3
51 96 19
4 15 19
9 38 19
20 87 7
4 40 23
23 95 19
11 93 14
3 79 8
5 21 2
60 89 18
43 66 10
25 38 18
7 36 21
16 87 12
55 94 8
10 78 19
4 47 1
18 82 19
74 96 8
60 91 22
2 41 22
25 30 14
42 59 14
45 84 12
8 73 12
57 70 14
40 90 9
46 74 24
31 60 25
7 11 5
4 7 15
64 89 18
21 85 12
83 93 16
22 61 6
16 42 25
2 46 21
31 61 14
60 98 19
29 63 8
38 92 8
14 100 8
13 93 20
3 5 5
15 98 7
22 69 14
56 66 9
52 92 16
13 42 9
60 72 21
8 44 24
50 85 11
3 8 4
4 26 18
22 67 5
33 62 22
4 73 13
11 74 6
74 76 5
12 83 5
20 30 18
9 92 11
8 33 20
9 47 4
26 87 3
26 50 20
38 72 6
16 97 19
18 86 2
11 60 22
9 72 17
14 32 24
78 90 14
74 97 8
37 46 11
12 33 12
12 74 14
80 91 11
26 91 24
18 84 18
44 58 8
27 91 11
69 79 13
47 48 9
24 60 11
37 87 22
18 23 14
53 93 11
2 5 18
3 4 5
33 85 15
60 92 23
79 82 25
58 60 14
36 44 6
52 81 2
77 89 16
15 55 21
62 99 4
4 85 25
5 55 16
1 83 9
38 56 10
34 57 1
6 79 7
54 96 4
60 94 17
35 44 10
37 73 1
70 87 24
51 57 19
6 23 6
8 97 16
27 66 23
44 62 17
33 44 2
23 48 21
33 100 24
27 80 3
42 88 25
39 46 9
7 23 1
13 87 2
34 64 8
16 89 18
12 34 18
5 37 12
35 42 18
48 84 11
58 98 21
60 88 24
17 47 16
57 91 4
22 41 17
17 20 2
38 98 12
7 21 9
64 94 22
10 49 22
26 62 11
40 51 3
30 89 9
6 76 15
69 78 5
22 82 15
44 85 5
17 95 6
22 49 3
20 98 22
18 57 1
12 49 10
69 88 18
48 80 4
16 59 5
10 84 8
8 89 10
25 58 22
10 41 17
12 64 1
57 85 7
2 79 7
66 97 9
31 83 7
5 18 6
10 93 18
1 45 24
50 58 12
11 69 8
16 41 5
24 59 19
32 55 4
30 72 21
20 26 17
46 47 18
63 67 14
10 77 7
3 95 25
17 53 4
55 82 20
12 77 12
14 83 14
39 82 3
54 58 16
45 72 18
3 99 8
40 83 7
44 64 24
35 65 20
10 16 10
48 85 5
9 79 20
28 35 1
4 13 10
82 86 2
19 84 23
27 62 18
5 58 17
5 41 21
31 50 5
83 91 15
62 88 14
1 8 21
6 7 13
67 78 18
6 66 6
29 65 4
48 100 11
13 98 11
66 75 2
30 68 15
43 67 8
70 79 3
22 81 19
52 72 23
2 10 8
45 59 15
61 87 4
30 73 22
6 50 5
50 76 17
26 74 22
9 84 22
73 83 13
77 85 23
6 94 3
2 73 19
16 78 20
2 23 22
36 52 1
65 90 9
38 84 16
22 45 11
15 42 18
11 73 18
36 56 1
65 80 25
2 50 6
41 46 4
30 90 1
1 43 11
49 61 7
35 78 14
28 89 21
15 23 17
21 80 16
6 82 12
53 64 21
25 77 9
31 90 11
37 54 21
29 45 18
72 75 23
56 97 5
8 99 23
4 90 9
3 45 1
21 28 22
56 67 9
21 25 18
7 34 11
14 67 14
89 96 24
72 88 6
54 98 12
16 20 24
59 79 1
35 69 25
14 58 2
31 85 23
39 95 5
8 39 2
31 84 22
13 14 15
44 82 1
24 98 1
37 38 1
6 10 2
42 96 11
7 32 15
10 68 12
7 40 10
25 83 18
14 93 2
53 74 8
7 50 25
56 90 21
43 76 19
57 59 8
63 93 2
84 95 7
4 81 25
15 59 20
22 84 5
24 82 23
28 91 9
11 26 5
15 40 13
61 92 7
72 85 13
67 100 6
30 44 17
1 87 3
84 100 10
20 39 25
42 52 10
28 94 5
9 31 25
38 79 19
55 62 3
3 97 18
8 93 14
70 72 6
46 62 3
57 81 15
49 93 15
7 52 19
19 45 11
41 49 2
67 93 1
4 28 9
69 92 9
3 20 14
27 50 24
37 62 19
10 86 9
24 95 18
10 38 11
30 66 2
11 81 10
14 71 18
57 60 19
13 76 5
20 81 4
6 49 2
33 81 24
23 79 25
17 74 7
20 48 7
87 98 24
24 38 7
8 13 5
17 67 14
33 50 3
27 56 15
63 81 2
34 87 23
28 93 18
57 88 6
8 49 17
83 98 2
2 31 6
18 54 6
63 90 4
16 36 4
20 78 8
4 25 14
44 61 22
4 48 18
89 90 5
24 85 10
5 22 1
3 35 8
64 70 12
66 96 19
14 61 22
67 81 18
49 73 18
32 46 25
25 57 6
30 75 17
19 56 5
25 95 14
44 60 3
85 87 25
37 85 20
26 33 19
2 49 2
36 40 8
85 98 23
50 96 9
55 93 11
9 91 25
7 35 21
60 70 4
4 22 6
24 68 18
17 72 9
25 91 24
37 65 25
2 53 7
36 45 3
10 70 25
11 99 11
47 56 24
37 76 15
27 73 9
6 60 6
67 75 12
7 81 14
78 84 18
61 73 3
44 98 16
12 70 15
42 72 19
42 81 16
73 88 3
29 85 21
4 59 6
10 33 20
40 62 4
1 79 1
82 84 20
9 67 1
10 36 13
59 88 7
7 17 24
71 91 9
60 68 2
40 88 5
33 83 8
13 83 10
38 50 6
47 58 21
76 88 16
3 28 22
50 62 1
30 67 6
13 95 15
14 36 2
22 27 17
23 43 20
51 89 6
31 41 20
55 85 19
26 73 3
20 33 16
36 58 10
32 35 21
24 74 15
8 22 25
16 23 4
8 24 10
21 95 4
42 91 1
1 80 4
16 68 1
33 71 25
8 15 16
16 83 10
38 87 21
1 32 24
13 85 11
30 51 17
2 94 18
44 86 17
38 69 7
43 86 10
2 33 21
39 83 13
32 80 2
2 11 5
70 80 13
53 80 12
4 82 10
28 43 5
32 93 16
21 83 15
7 12 10
30 82 16
54 99 21
18 56 6
60 64 1
13 92 16
34 58 24
60 76 16
50 91 16
20 95 25
85 92 1
5 53 22
49 99 17
38 66 8
53 81 7
12 60 17
26 99 4
29 96 20
14 37 8
1 23 24
77 91 9
32 88 20
59 60 3
32 83 4
83 92 11
64 99 21
6 9 24
6 45 2
29 44 3
57 96 5
39 72 22
34 88 12
51 65 8
4 9 10
36 67 13
49 80 17
4 11 3
31 81 5
1 97 15
21 69 17
14 77 15
3 41 8
2 22 25
5 10 23
11 79 19
37 63 25
47 57 8
23 60 3
49 86 3
9 90 3
87 91 3
50 86 15
15 64 17
78 81 25
61 90 1
3 54 14
25 97 9
23 51 14
32 78 13
1 12 11
4 18 23
59 92 21
44 52 17
42 84 15
66 91 19
32 45 5
84 97 16
11 31 16
15 48 1
13 59 16
18 70 19
36 90 21
46 57 13
23 50 22
13 21 23
43 47 4
51 93 16
47 71 25
42 65 25
76 85 2
42 73 15
20 23 19
27 59 12
1 16 16
21 34 20
56 70 19
46 77 12
20 88 8
66 71 7
66 95 4
36 66 5
52 73 3
29 61 22
25 65 13
16 46 11
14 31 3
10 24 23
17 30 24
49 89 12
22 68 21
74 75 23
1 52 1
31 69 3
8 80 2
57 92 6
29 71 7
36 99 13
53 76 7
10 40 19
67 89 14
59 83 23
42 71 2
23 98 11
31 33 9
42 95 23
39 94 7
9 17 18
25 99 18
10 48 14
15 58 3
53 88 9
47 93 5
64 81 1
34 98 19
9 93 23
94 97 17
37 69 9
15 78 9
43 92 5
69 97 17
66 70 1
53 56 15
41 70 1
36 64 9
14 52 18
39 80 2
9 82 25
55 66 3
22 42 3
48 71 23
24 51 14
51 80 22
29 53 4
28 46 16
2 98 17
20 92 19
27 65 23
39 74 18
77 83 2
59 63 2
8 88 23
3 14 21
4 37 20
2 87 2
45 95 25
34 90 17
64 86 20
57 79 14
54 74 7
43 94 2
27 52 23
22 73 23
81 100 25
17 66 4
57 65 1
4 91 24
11 78 3
14 85 24
10 90 20
12 39 6
58 75 10
47 87 3
5 63 6
38 54 23
61 85 13
17 25 18
13 73 17
25 43 13
21 79 6
34 62 25
12 47 6
50 98 2
40 77 20
14 44 22
31 100 15
26 93 25
48 77 10
61 75 20
20 66 14
24 47 9
31 77 9
11 17 3
77 93 5
19 33 18
15 74 20
47 76 3
38 90 2
53 91 4
37 64 25
83 100 7
24 36 7
23 34 25
38 99 8
61 69 25
39 64 21
11 83 11
31 74 13
4 99 7
38 77 11
19 98 19
5 81 24
70 89 13
44 45 4
56 75 20
10 63 21
48 62 21
45 75 21
1 66 6
11 29 17
1 4 12
79 86 24
5 11 12
6 32 6
9 66 20
5 66 12
20 40 22
28 36 21
79 95 23
46 92 7
49 70 12
15 52 8
14 74 16
19 63 2
82 87 25
54 93 2
42 58 25
7 85 25
10 47 14
36 98 6
19 36 3
41 92 21
6 37 2
35 72 21
14 53 5
34 71 19
58 64 11
18 24 17
72 87 16
45 56 6
38 100 21
92 99 10
60 97 24
12 44 18
24 100 5
12 85 15
24 62 3
21 73 17
72 99 19
59 61 8
45 69 2
25 48 21
48 96 5
60 81 10
9 50 7
3 75 19
34 72 7
38 44 7
37 55 19
27 31 12
56 61 14
9 22 15
5 68 11
12 73 11
52 53 24
57 64 25
29 58 3
61 83 3
9 53 14
14 28 25
35 87 2
42 99 25
49 97 22
8 38 5
29 49 5
24 81 16
30 58 20
26 59 20
15 22 19
16 32 6
22 87 20
13 55 24
74 82 24
31 36 7
1 100 16
19 21 15
42 89 21
55 74 20
19 83 9
52 96 6
2 86 2
71 92 2
45 97 11
7 28 22
43 72 6
53 55 10
29 72 22
34 66 20
17 48 7
11 35 3
1 62 2
56 100 8
37 56 20
6 20 12
7 97 6
97 99 14
52 93 10
71 83 10
19 25 23
34 73 18
15 24 21
16 17 16
19 75 3
9 62 10
18 55 2
81 94 11
1 50 18
53 89 12
6 17 17
37 71 8
3 11 4
21 39 11
87 100 4
65 86 23
92 95 15
21 58 15
21 35 12
30 37 19
21 31 7
4 42 1
76 84 8
15 30 15
22 34 15
9 45 22
1 31 17
24 40 20
51 66 1
57 89 8
9 13 2
7 39 3
18 42 18
44 46 14
19 72 18
32 53 7
5 20 3
55 90 21
1 38 21
30 70 3
8 9 4
24 75 15
10 18 3
43 97 22
47 96 9
37 58 16
10 28 21
52 79 10
26 47 23
1 93 5
51 91 4
65 70 20
5 93 16
14 92 15
84 98 9
34 81 23
44 84 23
6 46 14
6 84 2
3 21 18
50 66 8
61 88 23
59 66 22
48 57 13
43 54 2
33 92 11
46 98 20
26 34 18
52 62 5
63 66 22
8 68 8
10 87 10
21 49 16
8 32 11
38 65 13
31 79 22
39 51 5
79 92 19
41 56 5
7 73 1
15 71 21
49 90 11
62 100 25
48 75 15
17 82 3
42 92 15
12 22 23
21 27 5
80 97 5
54 55 2
4 77 8
52 85 2
31 68 16
11 22 9
6 71 17
71 73 2
19 37 23
3 10 11
9 25 2
19 51 1
6 21 20
54 84 2
25 72 6
56 62 6
39 53 22
33 55 19
5 56 4
52 70 14
47 49 25
15 47 9
25 85 25
53 83 9
49 53 10
28 47 5
10 75 11
59 62 21
73 74 10
5 29 5
19 71 7
38 91 19
4 54 23
34 70 6
36 70 21
37 40 23
23 39 3
18 47 4
49 78 24
4 24 9
9 87 4
6 87 25
15 32 25
91 97 18
5 42 3
1 33 12
51 81 14
88 89 6
77 99 1
29 82 22
17 29 9
29 95 20
98 100 7
22 71 13
77 100 1
33 88 25
12 66 23
62 92 7
9 12 4
25 32 9
52 55 21
4 74 20
25 98 19
52 66 15
21 22 12
20 36 14
7 10 22
23 72 21
26 65 10
6 93 14
48 91 21
52 83 5
18 100 8
9 16 6
44 97 8
16 61 12
4 45 12
28 34 9
36 69 2
32 77 16
76 81 4
4 53 10
70 94 24
68 78 17
36 46 2
13 43 18
52 91 8
12 15 6
28 39 24
64 68 20
66 85 11
12 91 4
52 89 18
8 55 6
2 92 8
80 95 14
65 87 18
11 59 15
19 76 16
47 92 23
20 42 20
34 41 18
47 83 17
36 85 6
17 49 10
49 88 2
62 97 2
10 55 12
47 51 9
19 70 20
68 82 4
69 83 9
25 39 12
7 98 4
11 37 9
63 95 2
14 95 17
66 79 16
62 63 24
74 95 17
63 98 16
15 82 9
16 52 13
63 94 20
27 33 14
81 93 5
8 10 15
17 64 2
54 81 18
75 81 13
22 60 7
41 65 8
7 99 10
44 83 5
57 68 8
24 56 9
15 93 4
49 65 13
25 66 17
89 98 18
60 69 21
11 32 6
20 63 23
91 96 16
39 76 23
13 47 14
6 51 14
28 58 15
18 68 23
50 71 19
16 60 13
85 93 7
7 24 17
20 65 15
41 79 24
8 96 25
16 85 22
29 91 25
24 37 13
33 74 14
58 66 5
16 65 12
26 67 2
19 32 2
3 36 2
16 64 14
24 94 16
40 43 22
37 70 15
53 82 10
3 44 12
50 72 1
22 66 2
6 11 9
16 43 15
33 64 7
25 68 25
54 89 13
82 100 18
14 45 15
10 99 9
7 58 14
2 75 17
16 27 12
28 57 5
22 88 24
18 45 1
21 88 21
33 34 6
32 49 3
59 82 23
79 98 13
1 81 22
35 77 1
6 16 15
74 90 15
2 3 17
43 71 18
79 80 4
6 12 4
71 86 11
51 53 11
25 96 6
37 42 25
27 36 10
42 85 12
36 47 1
57 61 11
31 46 20
24 29 6
17 51 4
12 27 18
59 89 18
47 84 18
74 94 1
27 92 18
69 75 1
55 56 5
27 96 25
38 93 23
6 63 13
3 26 25
27 63 15
2 77 7
35 98 17
55 89 22
54 76 22
72 73 2
16 76 25
7 75 11
28 41 9
17 90 1
21 68 2
23 81 7
25 78 2
65 84 8
3 65 19
59 75 18
25 40 5
16 24 19
27 76 25
47 91 18
9 73 24
27 55 9
32 97 5
4 84 1
38 68 24
55 78 15
23 96 12
59 91 12
90 99 12
31 35 16
48 90 10
50 57 17
14 62 20
30 83 11
41 45 25
58 79 23
64 80 18
5 24 5
32 96 20
7 92 2
48 69 9
1 5 8
10 34 16
10 50 16
13 70 18
40 57 25
1 89 8
28 59 12
79 87 16
11 88 3
19 28 8
30 81 20
33 76 18
44 47 18
3 76 22
2 38 3
10 37 1
80 85 24
22 47 2
4 43 18
40 58 14
67 98 15
21 100 4
10 79 10
12 42 9
31 62 21
9 94 7
40 44 15
51 78 20
48 76 25
38 47 6
23 52 3
49 98 3
34 51 18
26 97 21
74 81 10
38 76 9
91 95 24
66 87 5
8 20 20
3 69 18
33 84 12
78 91 20
12 54 9
4 89 7
24 61 1
47 85 22
23 64 6
5 75 4
24 65 22
67 88 15
41 84 21
11 97 23
42 93 19
43 53 14
80 90 6
2 26 23
3 70 20
17 39 23
39 91 19
69 90 19
85 88 17
14 49 4
75 98 23
56 58 20
68 86 22
22 30 1
25 52 15
74 79 7
32 33 17
14 66 20
4 93 10
